50000 50000 500
24092 38478
31787 31216
46773 33338
28972 34735
17645 19940
48015 23359
33143 35339
45808 35526
25525 11008
362 21229
32076 48035
19655 43179
34864 18849
35573 38598
38290 38571
12429 42007
32168 6097
37548 33349
9508 4482
8334 19944
33162 11069
49310 1080
16990 15218
29862 3530
23746 39296
41268 34185
30828 10856
40018 32089
31661 7448
2124 30996
49418 13376
28125 28880
19590 39583
4049 48390
36517 18949
24131 31821
43866 26226
4911 32876
6679 32052
27937 28409
26499 3260
28051 26719
32575 17689
24577 17827
25903 10698
19655 35645
47718 95
20032 26117
14584 48232
6585 32755
10265 24083
43387 49356
42060 4257
35204 6474
20708 23553
12078 30340
5639 12306
36116 31648
4356 10388
32291 41128
36291 47303
18597 48562
4372 12842
13703 4885
10685 28603
5139 3897
25888 17004
22967 7735
24545 31212
34059 12404
17477 40105
43293 14249
12173 147
37191 20813
43181 20651
48999 12760
19673 3424
1110 5664
21414 5567
31072 4687
27061 40811
8593 2700
20634 45057
45428 2364
25450 20529
29158 36696
32712 28476
46208 23145
11478 1600
16559 18853
23449 49389
42718 47170
38275 36130
40266 20203
38138 24272
13228 39334
20207 37892
17057 13849
40519 38128
34869 25789
41574 40146
37267 19880
48526 21818
21077 30068
6258 7736
3305 22199
24055 26602
4889 6825
33409 16928
36528 17345
21234 41019
14875 13861
5390 13609
32933 27408
24488 43562
17369 24231
30756 14254
36066 32451
9703 40611
26990 10794
16674 20602
41766 46436
44809 45842
32390 38938
36737 46409
14666 27569
42764 8289
19741 10193
4639 14521
31739 37060
33212 25711
48096 40238
39798 9972
36662 47705
9107 27063
14201 21947
3604 7559
1094 21581
830 46164
38679 37045
18436 10733
25143 2332
30170 23555
26051 35065
38818 16276
5125 7457
6513 31920
45770 2800
20058 614
15916 27082
48002 3350
24568 22951
39785 44367
17449 14097
23814 27602
11578 34525
2810 43261
87 22115
29226 33695
14138 33354
17001 48201
37665 6875
28779 48554
15559 46284
33874 22226
40533 44757
25731 18160
43690 11375
18866 39331
3503 28591
16 4618
1585 24910
23875 48263
15369 29316
142 7319
15814 29031
9235 29466
14529 33551
8759 10001
18007 8739
40781 29194
49010 46637
4312 2725
9967 5697
37293 19089
10952 39705
8111 21646
11178 48939
16688 32812
20351 11775
30516 26649
5812 35086
22832 13110
28468 39405
38199 43571
49225 23654
29403 7565
48993 21550
33089 5733
27111 27198
40412 17355
8948 1165
49007 15165
13750 25555
12686 43820
32728 12711
38734 18471
22421 897
19664 42893
36666 7144
7737 40127
27936 46307
24811 38010
35459 48171
48668 14895
1633 28822
49261 27999
44403 38493
16035 45958
24230 11030
7681 12951
8340 29897
5914 40415
24842 4111
42387 23551
34450 45165
35406 36038
42953 2012
6575 6579
42345 35139
41338 15942
44543 40905
32898 15806
19237 47239
29914 3083
13432 8771
15878 4350
33811 21206
33210 18451
33249 4039
43816 5324
19949 9884
29958 31224
3940 28815
34230 25831
49089 33141
5883 11239
27887 31928
12360 9113
43322 19277
8563 30091
38110 33228
16734 49679
22341 1647
8220 42977
6027 28330
32145 25715
46668 46744
32257 45637
9587 10205
3759 40869
5165 26227
8879 34818
39843 31345
8403 7166
5618 26445
37360 5285
36310 36993
5465 44154
25210 47202
8386 17067
24104 35418
11885 30183
13614 10462
42880 3789
629 1463
8284 32366
22779 9484
10646 49802
1578 42981
25713 36607
48766 8921
18688 23916
21265 3440
12407 31010
25425 11248
46714 37599
29449 20179
14941 46356
48002 4655
20801 17457
42986 2491
9323 18259
26812 22560
44991 22988
34035 11828
23409 46681
10028 29487
38803 31517
27119 41642
19816 36531
24268 5114
7126 49471
16827 7464
28590 8061
7017 24987
47605 43039
44626 2155
26286 5507
29473 10542
48524 41209
8384 23598
16932 42016
41917 39073
14744 22520
38241 8687
29164 37600
10346 7582
12564 25849
21730 25736
35619 38145
20453 8721
9436 9544
46061 42181
5156 28461
39287 46728
2477 32017
20976 43091
49050 34818
31697 15997
43521 26047
29717 24399
14532 46665
36699 4574
22358 27166
38923 7202
40538 36848
1970 20452
37878 8716
48779 17914
20125 1379
11106 36077
19744 39603
18450 46963
26964 12477
22008 34901
48653 10241
23837 20457
44622 20795
34575 24872
8570 1999
27607 6616
17894 8905
46899 44865
33731 2332
48892 49066
27928 34899
18992 34653
31558 23409
4457 40143
25392 533
19041 17623
1739 48621
41415 40399
10747 13386
4437 12573
14178 18955
43302 39768
4147 39022
3366 12969
4868 20502
39712 13750
10935 35103
41504 12952
33583 20266
34688 16517
26944 49335
39150 30629
37053 23988
38325 17600
40667 8675
12879 46461
26780 33969
10744 18772
32900 32814
1165 19324
28376 19403
45335 3692
17704 45397
19939 27038
41515 32318
46444 47366
23570 42596
38527 27645
25314 27096
47013 28364
5886 27288
18539 12456
31993 41938
41933 9419
41433 39642
21190 27706
43197 39019
31089 7758
46141 20983
2666 5583
7498 37342
28124 44690
5239 16013
25346 9601
16330 32565
37193 4370
12149 18118
3548 6575
1882 495
22358 23820
3471 6063
41539 41731
19063 40310
12894 34026
37445 31555
20227 22762
32571 43959
8029 36249
23775 27008
38568 37583
46356 4862
42127 17141
22782 1792
43775 29392
12190 34727
14017 12233
6297 25840
10338 16119
20323 48605
33182 46834
31343 42251
1183 15425
36112 49756
17202 27564
34683 2222
46241 12521
35011 29362
23352 20370
32777 3493
30405 4093
34980 44089
41647 43249
42565 19243
7381 10966
24067 8446
6176 4260
25517 10254
39406 40515
16585 45245
16713 20105
31609 49960
35629 47197
18547 27008
29669 9289
41625 2901
22077 13139
21405 47190
28000 26179
6038 46387
46330 27088
19237 44346
16134 10705
37677 36044
46224 17647
27828 34487
13892 34928
28235 39500
8428 49021
4950 15946
32485 45
16330 7089
32809 46949
10762 34431
30581 46848
13961 37476
39747 22005
1850 26257
35455 42362
13809 18628
5574 29175
42898 2397
18930 27780
35439 44684
19951 48888
23998 10639
37959 27994
7264 11271
26392 14276
28794 24419
45851 14569
36383 17281
35758 18549
1794 27811
24683 20862
