12 72
1 9 147
1 7 1164
1 4 2124
1 3 16
1 9 2251
1 11 2620
1 7 2294
1 2 3026
1 3 4907
1 8 1338
1 10 1345
1 12 4237
1 10 3582
2 4 146
2 11 2927
2 7 3031
2 9 4205
2 8 1701
2 12 4347
2 8 1809
2 5 2154
3 4 2162
3 4 3798
3 10 690
3 9 1457
3 4 46
3 6 3200
3 5 300
3 9 2494
3 10 953
3 8 2481
4 8 3786
4 12 2214
4 9 3109
4 8 4185
4 10 4365
4 6 2033
5 6 864
5 7 2333
5 8 445
5 11 3380
5 9 272
5 7 4298
5 12 2932
5 10 2904
5 7 2462
5 12 626
6 8 3093
6 11 4884
6 10 3579
6 10 2013
6 10 2402
6 12 4879
6 9 2087
6 12 1051
6 10 1049
7 8 356
7 9 1056
7 9 3919
7 12 578
7 8 4858
7 11 1015
7 9 4011
8 11 2336
8 11 883
8 10 2755
8 9 1824
9 10 4841
9 12 461
10 11 1619
10 11 3704
10 12 3337
