6
908 73
43 784
891 744
61 751
619 465
196 766
225 567
182 234
747 89
195 531
758 788
456 529
308 648
192 112
386 428
640 86
41 437
621 895
136 545
92 640
106 183
450 350
198 53
508 47
859 762
156 80
597 628
261 816
561 84
449 111
70 512
744 295
684 330
224 635
415 102
529 319
598 838
9 495
214 508
379 418
129 813
112 186
477 642
351 195
801 719
52 624
45 720
103 366
885 832
626 93
574 47
199 378
681 42
901 415
256 16
572 869
809 73
484 895
369 713
354 263
655 303
720 675
119 10
291 377
192 278
470 287
2 783
304 356
48 771
787 890
869 352
95 412
113 885
287 371
778 826
750 232
345 671
885 249
722 177
258 497
380 81
661 71
662 558
692 1
294 534
614 537
849 82
43 124
324 229
689 223
373 824
639 759
196 502
635 903
358 55
273 370
843 215
629 890
496 111
479 110
310 68
284 404
407 422
246 325
888 202
290 835
585 447
154 498
485 31
378 698
897 25
721 893
659 684
311 330
302 871
57 208
599 736
181 756
593 48
847 187
423 813
719 480
802 155
173 346
174 701
822 413
389 126
279 806
447 630
464 517
572 294
427 91
229 724
522 285
232 625
796 323
515 528
133 287
555 568
464 54
699 164
845 135
295 384
188 219
900 159
153 847
824 642
351 243
192 736
46 832
352 612
840 524
624 577
773 736
774 788
82 320
888 725
724 245
901 452
466 805
39 155
725 117
833 671
583 91
492 687
163 368
263 295
570 798
448 662
781 20
72 58
625 655
310 82
714 826
742 824
271 42
836 710
689 596
51 850
710 761
21 730
765 114
182 190
1 297
465 712
871 676
884 874
737 547
674 818
339 265
611 588
719 545
846 722
836 889
831 749
295 655
491 295
761 14
150 155
499 684
11 736
229 833
256 35
554 802
749 568
314 701
685 39
169 729
711 400
472 377
283 508
386 519
815 740
334 194
731 480
444 576
451 521
837 591
77 503
814 510
246 571
236 566
142 696
771 667
261 811
272 883
722 487
589 554
659 453
772 459
604 295
180 95
858 107
641 181
140 118
172 191
693 26
224 595
162 832
122 609
791 722
812 651
579 684
244 882
228 389
657 160
202 312
752 481
149 712
780 736
847 504
70 189
203 450
876 483
904 338
318 419
63 683
892 421
46 880
560 284
414 268
815 468
760 636
101 295
867 762
321 367
699 96
147 511
190 793
566 766
824 343
795 329
66 719
833 832
875 7
571 638
372 257
611 670
524 4
217 61
211 110
641 547
780 270
773 344
122 693
520 376
475 192
904 585
147 166
75 549
832 814
347 302
14 360
748 609
378 587
565 853
718 487
616 706
57 63
828 33
833 263
853 126
749 339
35 152
593 664
178 858
3 169
648 56
244 563
138 218
163 635
513 171
192 532
215 682
492 699
172 603
474 642
90 902
714 75
599 830
669 446
220 559
208 466
897 747
299 665
377 96
693 704
896 678
511 870
412 844
757 838
747 12
635 524
205 300
218 37
357 408
60 593
462 650
600 70
115 450
336 107
151 186
35 672
503 808
791 677
615 42
627 335
653 698
503 18
32 307
569 402
193 748
777 317
393 644
222 155
650 660
340 217
551 464
720 518
623 473
428 734
584 790
74 645
552 364
783 120
696 384
102 439
487 365
319 188
524 263
232 131
9 188
106 860
221 409
135 181
829 389
176 321
27 642
489 59
91 287
99 250
77 185
420 144
660 91
237 592
103 790
44 677
608 192
773 276
445 542
168 605
208 833
821 758
494 633
634 230
723 409
863 613
450 897
308 869
703 522
851 723
52 883
225 34
523 298
488 792
360 828
746 446
900 108
895 796
84 309
867 55
374 280
556 573
396 711
160 856
206 484
100 296
533 530
158 349
182 229
482 882
18 671
813 312
578 900
4 523
662 905
559 239
907 451
487 755
36 700
867 345
406 412
438 760
269 833
606 260
287 594
797 87
353 744
161 476
179 438
631 521
112 332
424 262
53 62
478 776
761 17
720 394
610 602
552 227
389 315
591 371
81 562
258 355
663 838
122 843
19 372
635 487
75 891
65 757
744 264
449 233
786 814
444 557
613 376
815 816
274 43
226 285
266 59
646 187
518 210
529 175
98 623
601 182
662 688
95 300
607 905
200 810
7 590
52 282
550 541
34 854
51 488
395 544
332 74
94 295
792 849
547 864
788 782
847 196
348 878
234 50
292 707
240 224
434 687
384 430
510 99
293 896
346 662
676 397
229 176
118 287
386 744
289 784
67 335
819 259
281 474
251 502
58 118
143 868
855 338
436 409
15 712
54 486
757 41
747 35
17 460
208 209
411 187
538 711
574 730
492 182
474 8
736 890
113 649
118 154
735 430
794 788
127 656
556 608
207 374
654 774
488 208
235 697
474 538
140 81
733 68
863 691
639 35
438 571
120 758
781 873
639 258
208 70
633 36
442 225
141 284
119 387
398 766
632 18
640 332
416 609
174 348
717 526
635 732
51 777
118 807
277 544
224 709
506 236
789 263
739 116
471 293
382 566
413 229
242 48
173 511
550 333
105 448
181 615
881 860
305 473
121 770
306 857
736 606
825 231
119 161
208 91
804 526
255 103
828 401
827 203
3 885
307 528
746 611
13 383
828 374
40 838
861 64
834 215
1 908
384 312
899 390
481 190
388 183
295 275
580 503
637 100
224 686
805 785
448 436
392 485
35 444
511 727
306 61
78 96
467 444
391 190
433 348
679 182
69 58
345 702
885 680
430 225
226 765
564 161
422 708
386 247
478 761
139 840
30 712
767 111
602 188
88 824
530 695
550 217
738 894
306 235
341 230
256 678
160 803
720 898
122 286
285 521
483 552
448 351
526 313
437 130
96 689
690 711
181 274
474 484
902 224
184 186
591 328
203 337
241 172
681 586
724 684
865 522
849 20
588 290
428 252
880 597
724 838
321 741
684 743
22 56
67 796
548 237
530 219
801 692
202 132
722 603
864 201
726 711
719 608
218 520
699 540
197 250
20 611
495 363
49 526
469 549
111 505
176 319
754 736
527 797
542 905
861 564
487 799
342 409
123 379
524 518
508 128
292 879
617 742
897 716
38 181
213 569
97 640
482 608
361 700
705 278
620 748
508 158
125 759
224 749
493 442
196 723
886 653
874 812
761 24
331 189
647 154
160 259
605 555
278 83
234 213
484 448
560 887
728 292
258 5
593 284
351 35
425 586
256 593
779 66
700 763
390 638
143 35
431 807
167 14
537 535
3 165
525 689
666 4
266 464
806 588
372 263
341 436
840 79
513 465
66 14
239 385
95 219
838 449
860 651
638 581
104 231
116 802
841 764
553 652
17 797
869 148
57 155
893 58
164 501
870 327
702 109
709 509
454 429
473 192
348 572
279 322
262 360
334 580
387 273
268 520
348 464
665 348
149 146
553 351
719 526
399 1
254 674
94 463
443 422
123 720
350 872
882 839
894 788
100 724
10 432
500 883
812 906
137 18
288 554
561 427
212 680
841 57
124 656
484 539
149 403
530 435
618 765
238 529
575 715
420 295
453 820
598 800
397 823
239 736
668 651
36 182
292 878
160 14
18 103
499 426
640 564
738 775
658 538
93 582
514 526
441 286
660 318
269 712
408 346
490 845
91 613
495 706
786 745
622 810
454 126
302 208
788 507
680 181
858 461
1 459
709 383
812 528
447 858
308 724
332 751
866 383
47 572
395 148
543 648
158 71
748 62
546 719
82 364
902 455
80 782
653 788
441 110
332 809
693 457
833 192
858 216
198 326
126 7
7 112
12 769
18 760
858 536
848 850
160 842
157 202
222 575
267 591
614 447
485 202
386 810
644 308
487 440
381 609
577 389
170 258
61 134
658 28
795 350
852 232
61 877
449 753
482 768
538 369
763 301
23 902
85 635
582 524
450 356
102 36
665 6
204 619
155 375
145 480
788 736
362 376
673 12
108 85
812 351
892 520
438 121
91 815
248 902
430 410
225 643
372 29
237 307
563 253
862 97
359 898
487 458
316 294
405 275
784 798
866 694
433 417
817 345
665 516
143 522
858 736
674 484
436 885
102 422
812 416
104 786
665 76
870 174
264 250
557 364
131 261
1 370
351 428
185 686
437 506
274 630
642 599
758 619
687 767
423 847
76 515
526 506
72 332
202 36
637 471
308 83
821 118
44 547
493 32
783 75
293 574
68 263
116 176
383 268
97 730
102 594
366 498
744 825
793 545
136 247
199 298
643 577
839 768
330 640
688 710
288 99
87 428
337 797
267 74
750 132
788 835
479 819
608 731
689 302
403 6
213 498
432 210
696 780
253 80
199 385
429 335
474 362
599 649
251 734
824 614
540 590
854 367
304 99
847 373
581 595
508 776
535 442
335 348
835 597
487 774
311 161
614 484
28 562
402 262
581 261
611 349
732 704
461 440
256 166
305 93
251 433
413 375
781 254
423 559
395 165
301 30
813 780
215 468
365 20
67 416
239 761
430 612
181 131
432 228
251 570
496 658
692 245
51 521
701 412
150 164
621 583
836 562
783 714
180 193
866 752
781 352
758 643
313 796
322 241
383 774
359 519
95 132
297 536
480 317
522 456
179 816
332 393
9 110
211 129
769 310
662 654
339 144
771 624
681 835
43 673
108 684
546 462
252 847
737 852
148 351
131 299
227 51
399 303
190 562
641 774
116 494
211 440
470 143
665 237
499 488
173 797
15 828
327 863
622 333
702 208
137 831
132 496
298 323
102 464
781 518
326 324
449 446
745 338
324 800
502 193
98 219
362 449
679 156
562 611
75 39
477 520
717 493
39 698
52 96
160 771
420 631
253 614
407 14
366 283
131 499
668 866
256 138
769 231
739 284
379 128
232 175
307 99
299 333
343 581
371 696
522 476
779 177
765 133
481 584
577 830
591 404
759 388
32 284
130 719
216 452
113 153
439 596
39 332
239 451
539 607
39 808
636 121
136 36
113 8
559 589
243 172
47 391
763 721
480 554
858 608
159 481
98 244
576 664
672 157
710 139
174 513
17 325
329 268
560 661
483 309
805 31
728 538
400 499
867 748
544 49
77 311
438 865
541 815
162 182
209 424
677 327
169 97
86 301
312 304
412 220
580 676
686 19
537 653
562 336
494 397
588 318
527 690
807 127
155 565
418 777
222 633
709 754
559 377
465 527
870 161
502 425
606 476
129 418
605 253
628 567
213 346
544 807
804 111
16 781
744 562
331 793
631 636
826 24
665 425
317 440
599 597
475 544
216 523
544 306
332 92
13 850
276 6
539 721
476 689
486 355
61 634
109 701
680 17
700 258
856 29
804 275
786 732
294 370
441 416
473 626
616 404
68 113
519 645
42 214
87 599
562 132
831 579
707 441
459 717
152 586
701 286
323 350
662 130
548 66
219 205
563 692
844 783
568 112
798 832
247 77
489 849
677 572
291 543
701 282
821 643
132 347
8 172
639 209
793 383
443 841
285 91
184 3
781 417
805 341
359 828
684 185
638 343
48 191
423 224
754 233
587 178
495 525
185 355
78 53
818 58
733 603
253 203
837 250
691 40
656 868
638 610
738 647
850 232
614 620
558 91
463 798
783 740
59 447
695 470
694 708
69 771
265 660
689 296
869 200
94 188
462 108
314 289
516 734
575 301
163 646
807 355
16 768
105 67
75 793
38 467
209 297
766 35
719 42
273 26
393 517
865 520
122 23
742 783
577 189
123 429
793 519
1 853
222 550
687 597
52 77
194 858
801 101
683 750
145 679
386 602
363 299
133 551
184 832
733 604
440 425
743 647
671 88
644 815
845 333
199 851
658 741
271 830
179 228
561 285
348 94
794 414
206 707
120 232
186 237
629 262
131 438
320 31
832 356
861 697
73 469
351 89
510 72
689 279
614 358
280 57
450 783
867 247
843 869
388 455
573 539
190 447
454 594
743 505
218 847
692 421
388 315
538 751
482 809
646 679
261 83
217 703
811 598
646 725
327 828
339 835
640 828
858 565
386 344
198 575
2 22
105 738
666 830
301 688
93 239
60 132
836 221
697 466
665 11
32 856
703 544
430 287
783 242
664 197
192 646
250 665
629 201
82 121
355 260
242 592
272 53
869 9
717 564
705 771
195 860
248 756
77 130
383 325
367 412
453 787
344 250
38 691
142 643
754 170
824 390
63 683
130 780
292 75
541 323
294 61
542 388
530 658
350 806
594 815
716 433
664 25
684 113
781 27
314 440
62 681
539 292
240 727
792 624
332 99
597 355
374 762
630 868
72 259
126 649
495 609
702 856
534 278
272 636
109 235
855 537
453 711
383 820
715 745
543 850
392 724
670 500
585 437
328 830
829 131
36 457
453 342
199 257
842 418
85 616
473 253
211 143
726 865
117 834
688 745
77 410
502 239
357 212
80 12
380 665
428 10
658 810
430 173
791 647
237 603
795 40
269 165
157 607
237 657
232 753
460 143
70 556
412 39
765 560
754 77
743 255
743 378
808 590
165 847
478 416
568 798
671 123
227 87
841 334
165 803
555 708
785 624
94 796
140 261
279 501
826 682
381 39
156 598
544 134
774 434
39 756
246 356
171 730
569 64
325 858
437 754
857 357
298 448
665 537
316 143
586 773
544 618
99 664
369 855
200 164
310 812
274 560
598 760
529 409
820 571
669 465
735 260
747 163
494 197
465 869
462 147
511 566
94 253
55 465
468 436
230 491
49 651
130 688
375 74
831 317
370 793
293 203
236 334
77 781
311 724
617 226
6 199
258 867
833 549
528 56
137 674
552 244
149 131
632 725
613 544
805 346
445 189
287 431
550 396
353 519
222 779
81 43
285 846
567 579
860 374
769 485
610 278
405 858
128 704
802 92
151 532
191 113
94 70
731 249
370 114
673 408
774 444
146 826
824 771
16 663
776 29
388 667
696 635
597 591
232 168
391 4
509 195
103 744
669 238
332 652
54 435
775 600
831 772
433 361
343 427
132 512
162 326
35 523
443 251
290 180
627 488
834 209
419 686
562 372
789 475
360 432
439 207
857 225
665 646
70 560
838 473
732 668
857 765
869 253
597 4
723 516
131 73
799 328
822 701
722 760
685 841
113 507
340 602
384 591
703 388
164 101
376 16
817 641
522 729
214 90
67 790
530 848
493 240
321 614
424 367
52 322
435 76
348 398
430 412
178 719
549 224
474 141
787 135
647 807
15 18
281 639
615 411
222 199
637 124
529 438
127 513
41 844
778 228
228 578
226 839
699 447
524 584
597 866
61 439
245 234
58 336
650 21
599 218
473 601
755 380
332 411
240 84
458 793
476 504
771 648
678 507
742 300
295 77
639 650
330 167
133 525
251 4
364 323
646 219
860 42
492 22
42 553
317 757
14 447
338 503
844 216
440 483
712 752
659 332
71 251
497 688
383 532
689 321
654 26
491 529
625 554
836 675
528 851
547 613
330 426
183 140
299 64
657 449
319 835
837 472
39 535
158 333
827 685
438 749
25 277
199 20
764 193
735 340
718 261
414 641
807 533
76 260
346 7
692 298
178 621
556 394
219 432
201 859
438 256
272 423
311 720
700 266
840 758
332 154
711 438
821 831
614 805
401 234
73 441
584 847
608 375
106 264
196 864
8 201
204 551
562 65
580 612
94 285
434 152
130 131
30 23
502 22
5 724
522 45
828 81
187 655
479 143
698 746
736 178
687 66
862 581
490 690
688 303
84 708
582 792
453 196
389 104
655 862
812 223
600 200
552 115
387 710
201 75
660 742
412 406
40 682
562 97
679 389
363 34
823 247
37 79
240 782
643 566
382 430
482 700
693 808
751 232
597 415
623 564
682 385
422 37
32 597
798 239
33 386
688 125
354 612
37 453
345 37
591 814
368 497
301 588
385 280
107 399
197 531
310 237
849 334
862 697
128 706
350 50
852 756
423 275
751 326
551 500
346 593
692 410
270 811
132 211
770 697
80 326
119 569
269 514
46 870
274 784
780 229
625 100
713 464
124 92
436 749
253 385
318 53
271 78
185 181
284 101
173 252
231 171
39 268
229 65
78 253
308 285
283 260
265 173
227 52
192 133
47 283
225 49
215 152
92 158
307 288
64 200
154 91
277 105
216 300
162 95
92 45
144 106
70 106
179 132
287 296
193 74
306 291
275 289
246 69
32 160
293 161
216 262
234 63
59 73
129 14
69 126
252 63
55 260
256 121
289 270
190 269
235 59
207 131
172 58
80 40
89 119
58 258
169 110
274 77
99 223
91 51
289 241
111 297
92 228
141 155
66 232
117 211
18 70
270 94
54 146
230 208
57 84
130 268
216 96
317 11
156 191
88 20
83 296
165 172
292 299
318 209
11 57
309 125
145 172
209 97
51 259
60 227
184 145
11 76
189 157
110 106
222 268
191 255
249 5
193 225
249 291
41 106
12 59
244 136
65 77
314 240
243 11
37 75
221 245
34 264
98 172
44 113
146 7
153 51
269 214
121 187
82 261
182 12
115 220
313 7
53 223
104 150
313 197
109 132
152 162
293 143
264 13
82 21
94 79
308 169
209 148
288 134
191 69
176 193
282 262
11 158
89 135
251 19
236 191
7 72
107 74
181 201
155 92
263 54
281 208
227 122
23 31
165 17
163 227
217 295
207 173
272 145
132 192
209 43
237 9
194 265
66 219
129 89
294 65
1 225
276 302
122 27
240 313
15 227
265 286
150 209
42 203
67 45
173 304
90 10
249 158
221 106
42 142
9 90
128 62
239 301
301 102
66 94
210 19
199 271
212 145
104 254
125 191
142 86
175 173
221 29
297 56
217 260
36 58
171 181
204 103
29 118
312 210
188 152
50 106
230 81
292 303
35 191
62 106
45 91
177 179
124 84
72 152
24 41
8 71
38 181
159 190
153 120
252 22
226 92
113 267
46 66
207 34
235 298
273 245
127 308
41 170
112 4
280 227
142 261
201 113
181 146
5 78
65 123
110 139
12 257
19 280
104 206
92 160
12 191
184 71
122 48
125 238
122 46
217 281
150 160
146 140
144 302
166 60
310 110
16 167
4 186
217 184
218 58
205 51
290 261
260 299
90 124
88 59
83 19
117 232
198 82
25 19
4 152
184 316
223 146
86 266
318 250
247 207
174 204
202 116
201 266
17 279
68 77
226 89
223 3
307 313
131 3
33 249
116 302
106 269
302 294
179 173
100 114
248 19
151 106
293 289
158 180
115 158
106 315
225 179
25 182
7 233
276 168
207 121
178 151
196 193
217 142
85 243
314 93
164 68
157 65
195 204
183 125
138 99
224 261
46 147
16 214
2 173
212 61
289 136
213 31
192 37
7 270
80 70
277 165
28 205
311 71
268 242
59 301
83 222
64 210
192 278
31 307
101 34
6 120
216 132
179 100
204 216
149 291
183 305
132 297
30 212
58 137
9 260
167 108
87 29
29 81
215 26
376 141
174 2
349 153
163 271
63 93
323 137
70 164
39 344
298 195
139 79
153 205
78 122
124 71
132 197
162 346
288 305
35 178
209 358
342 6
180 92
313 79
151 276
228 245
37 115
155 345
355 60
172 339
284 39
246 138
315 246
1 185
163 324
61 142
101 85
122 357
182 124
2 55
116 18
5 246
18 292
309 235
333 368
243 9
314 47
187 186
114 71
268 205
76 231
129 282
311 142
226 209
258 22
233 71
235 237
142 82
35 214
133 234
353 356
345 128
292 15
144 99
99 230
27 325
190 249
87 302
350 259
176 329
196 224
114 183
231 307
230 38
16 23
44 13
33 265
189 250
332 32
224 192
127 196
206 285
228 23
364 356
278 208
137 210
223 317
292 4
62 191
374 243
156 75
235 347
185 54
203 93
55 172
152 154
374 260
336 317
123 235
376 62
72 294
171 261
169 342
75 28
330 241
123 321
37 376
154 160
272 283
63 369
288 230
152 155
310 9
258 191
254 20
130 67
129 275
9 152
328 103
177 323
354 143
250 30
221 48
20 66
212 121
187 309
267 351
351 24
36 1
320 134
277 199
251 373
324 23
120 29
330 250
150 172
120 61
244 152
362 74
125 288
239 247
82 240
329 223
102 219
231 327
164 280
63 131
247 213
233 346
30 243
297 289
155 107
341 376
232 126
119 51
211 359
64 300
81 108
48 71
60 93
373 96
94 223
242 319
98 314
328 233
302 106
46 318
225 343
90 349
191 248
216 363
301 326
129 337
173 57
348 351
179 191
53 257
34 366
334 348
244 86
170 131
200 155
286 367
134 14
308 96
131 61
238 327
171 269
97 373
352 114
145 123
274 108
23 157
370 5
284 210
197 48
251 361
159 312
2 256
69 289
133 94
153 30
106 272
299 230
315 111
367 169
349 362
204 275
130 26
337 318
2 169
128 77
89 268
279 372
277 330
1 246
236 178
195 246
121 45
269 367
88 326
14 230
84 345
63 212
232 82
281 203
131 288
85 25
326 2
155 344
312 287
264 257
256 71
204 322
94 32
245 196
308 209
154 167
247 20
223 47
360 24
200 10
130 75
24 61
365 310
208 3
331 243
58 296
319 308
324 85
21 190
337 56
193 288
230 293
243 17
64 40
49 342
63 263
231 375
161 290
217 41
330 34
367 141
310 338
376 218
159 198
350 181
51 106
187 112
71 304
307 43
11 65
376 67
91 174
245 27
129 1
114 140
72 23
314 80
36 50
202 185
33 310
7 156
270 107
136 113
158 228
292 108
367 12
41 187
173 55
235 178
131 306
266 29
203 136
310 146
155 356
252 181
187 161
273 117
255 269
67 151
312 215
362 110
355 42
83 18
71 168
194 204
116 371
269 92
30 303
151 44
229 331
147 152
264 344
282 118
188 6
40 324
376 228
105 1
354 362
181 131
9 78
131 289
104 349
376 343
133 8
345 100
98 166
165 99
105 372
153 108
307 216
376 30
333 3
31 178
52 226
275 211
37 61
115 216
235 20
333 295
131 68
274 309
90 285
363 65
75 316
83 253
149 365
287 274
148 130
3 135
333 351
3 59
47 273
75 249
27 291
184 153
86 109
175 117
149 335
313 189
220 153
223 100
62 275
19 179
2 243
164 107
374 227
262 24
309 207
95 243
106 73
222 9
195 296
376 201
196 106
115 340
219 274
308 37
665 268
478 127
59 96
413 310
515 64
438 219
146 21
397 553
64 356
239 183
348 660
663 121
418 406
118 601
413 249
193 481
12 626
526 49
603 213
327 369
113 117
176 168
618 194
262 358
138 247
139 483
579 466
477 362
527 317
174 581
34 583
460 105
129 489
2 593
248 90
323 124
264 305
407 337
622 306
546 482
206 4
498 84
444 18
354 176
440 302
108 411
258 387
181 418
226 157
327 621
394 97
375 40
629 333
456 651
273 198
27 453
473 161
534 422
476 609
227 289
169 420
486 638
40 269
21 106
454 383
58 340
292 629
179 502
656 87
197 28
299 40
143 407
453 646
121 256
124 439
234 661
345 412
347 583
285 20
584 96
182 78
351 431
569 82
400 168
25 448
443 479
89 620
560 517
162 45
92 517
442 107
144 205
43 542
486 450
95 321
470 436
511 56
9 282
247 92
284 77
655 148
192 228
308 210
9 224
594 386
270 624
602 332
20 103
11 521
78 632
125 627
44 322
538 622
584 614
225 533
398 536
291 600
9 104
155 47
617 223
271 534
432 218
639 275
145 248
491 478
388 537
550 617
296 121
22 557
459 556
598 580
14 400
482 465
95 181
552 358
248 238
207 615
370 293
36 406
266 105
32 488
509 51
169 185
155 41
358 265
379 419
105 463
366 496
60 359
401 7
624 485
346 453
82 607
393 248
126 28
497 590
460 397
644 177
368 302
567 79
650 602
84 445
222 636
224 350
220 117
349 365
643 235
522 500
119 262
267 551
164 522
505 53
213 380
222 184
589 89
378 318
437 535
423 642
226 143
579 516
376 466
245 413
638 444
248 369
610 158
4 547
64 372
577 356
83 21
275 433
210 495
315 580
449 555
53 612
21 170
271 160
588 303
213 496
528 178
124 52
205 159
210 109
522 598
280 130
479 562
461 434
431 288
358 313
158 224
518 358
587 346
585 309
383 278
610 173
463 152
646 66
291 455
320 262
11 115
341 312
45 107
245 68
328 557
199 172
381 169
449 233
655 487
114 520
104 61
108 311
375 661
646 540
462 186
389 559
307 183
599 44
394 409
153 284
502 244
227 259
216 177
205 243
549 489
259 3
124 399
626 85
128 72
501 204
389 483
110 39
542 18
358 657
186 389
663 635
464 126
410 364
648 551
179 374
66 324
283 258
629 70
384 481
232 36
53 192
607 4
458 35
542 241
484 366
498 663
133 315
140 623
326 149
51 255
400 128
88 406
307 66
406 64
98 272
650 645
280 71
171 457
485 405
472 264
524 551
364 200
291 451
417 243
449 452
444 594
3 623
191 400
334 253
461 659
215 314
516 486
146 253
158 176
323 245
194 3
640 159
250 611
574 285
427 241
242 619
2 509
76 12
569 105
371 505
375 213
586 518
441 615
413 65
341 618
44 318
475 345
646 566
118 67
616 446
31 205
76 301
289 156
515 222
249 545
664 496
177 497
141 23
128 273
369 373
406 544
358 406
176 562
257 157
297 434
264 646
203 510
208 405
360 125
287 662
469 169
268 638
126 474
227 20
563 195
598 306
89 406
201 518
543 291
418 250
596 400
341 48
290 331
381 10
514 406
311 467
336 463
130 654
80 563
507 7
561 336
1 131
34 5
177 465
350 480
321 165
505 248
279 290
651 401
79 107
366 572
207 481
511 109
147 423
353 626
338 404
135 147
350 75
493 368
185 260
606 642
207 324
638 146
519 35
429 580
418 284
498 143
111 113
188 536
167 156
639 42
601 361
5 235
510 143
653 207
477 26
443 100
214 35
236 650
578 370
12 533
558 224
383 508
627 196
240 392
453 182
381 112
64 252
330 315
225 57
7 628
47 76
7 432
255 398
69 512
579 131
392 46
177 92
633 344
314 434
23 458
362 517
213 108
499 267
150 396
351 375
423 333
357 230
303 113
447 503
416 340
240 415
391 11
60 285
218 123
400 246
183 122
453 263
571 22
443 294
600 211
434 158
526 372
281 447
107 573
28 388
625 657
578 169
556 385
199 604
414 650
100 62
105 475
177 638
245 647
335 368
191 304
565 442
382 221
649 369
277 113
612 24
316 657
94 512
296 447
594 105
92 405
340 9
298 323
402 77
354 254
434 99
241 91
18 271
151 478
613 178
63 423
581 465
126 617
549 570
473 199
362 616
515 309
198 488
286 270
88 333
483 575
429 421
242 475
570 130
39 475
528 366
616 325
81 625
429 364
568 563
168 373
8 295
559 383
88 136
243 7
373 501
662 394
18 584
334 132
219 594
641 594
271 86
181 360
88 275
180 306
30 588
461 114
559 568
586 171
53 276
300 405
518 212
576 148
63 209
524 425
229 64
383 471
223 55
555 28
307 448
195 430
468 86
403 69
479 120
44 66
569 19
506 28
617 658
392 20
222 15
395 126
556 641
33 557
434 478
51 523
232 6
650 155
107 579
205 137
136 424
224 283
486 543
426 522
453 349
367 512
187 532
29 102
142 571
74 150
264 564
283 541
232 217
166 507
665 225
231 31
588 408
352 128
406 634
583 453
464 592
113 516
148 383
605 601
357 88
516 169
539 325
329 29
99 531
521 265
149 375
38 551
351 50
66 570
385 513
657 227
243 52
331 400
215 652
362 530
562 595
594 631
529 260
325 251
490 59
323 444
400 557
179 12
202 641
583 633
363 260
340 189
13 630
429 87
631 109
36 429
134 309
396 594
494 219
255 512
113 261
351 13
486 358
623 338
116 311
295 435
473 54
628 394
306 470
35 400
187 126
255 73
51 168
295 324
339 103
237 444
221 465
113 16
355 251
99 154
473 390
342 600
419 427
591 101
583 37
504 21
596 319
233 274
637 350
486 126
660 316
527 424
609 255
118 47
657 168
243 163
454 492
479 93
84 175
608 99
368 176
466 437
570 190
548 171
169 343
657 213
505 272
525 375
224 551
554 570
562 17
552 143
428 325
497 582
29 302
199 358
352 377
411 597
101 64
483 375
176 47
182 47
436 109
69 350
121 403
338 411
271 48
431 181
430 383
400 281
285 344
426 11
274 400
173 126
368 129
223 197
226 156
351 183
150 242
50 407
219 16
181 107
175 342
83 386
249 423
96 309
106 88
90 48
49 139
271 1
227 339
106 408
418 362
360 246
241 292
43 268
213 16
153 357
226 25
244 192
274 258
341 128
436 168
395 51
316 62
193 73
80 302
432 342
342 380
177 249
375 89
94 66
202 401
33 373
114 48
61 405
400 398
414 287
129 364
88 356
169 78
139 82
396 27
360 105
351 239
319 263
121 264
217 204
311 424
26 81
391 79
87 138
60 365
391 30
139 333
97 74
317 93
272 372
435 412
66 192
381 195
5 229
297 26
330 346
134 173
172 4
321 71
193 177
388 324
184 331
51 284
230 84
204 119
314 389
355 118
268 139
308 433
56 83
262 388
425 328
139 249
186 120
303 382
160 417
109 420
31 17
76 157
15 40
340 157
17 422
23 403
363 271
163 7
61 305
18 281
417 195
90 100
369 373
166 249
407 117
28 175
248 268
272 206
411 207
98 323
191 180
138 407
20 90
207 294
155 3
8 90
250 31
352 388
251 114
64 351
142 298
92 333
20 56
43 337
55 313
160 75
2 110
220 396
425 289
416 175
151 91
191 240
56 123
53 125
282 45
137 138
21 299
416 65
17 249
391 38
91 325
340 161
11 387
287 262
233 336
350 41
12 166
370 45
281 85
311 115
171 349
185 171
155 288
262 145
270 237
89 31
306 269
68 259
247 117
358 41
42 297
256 177
328 216
385 435
327 80
261 139
26 427
122 407
57 389
302 101
96 293
386 319
412 177
370 138
340 122
275 106
374 61
70 360
174 323
54 413
103 158
301 346
412 174
412 312
281 7
99 281
150 344
393 188
121 52
154 249
310 28
230 63
7 425
45 270
357 433
147 389
108 72
151 114
182 68
224 257
141 30
68 249
87 355
88 104
30 329
353 20
225 8
421 343
416 235
419 216
271 208
249 283
67 297
280 353
144 118
359 46
121 281
18 229
41 379
90 129
167 378
388 272
178 202
318 26
159 228
158 354
129 58
379 196
176 180
171 139
373 116
429 192
48 134
391 96
277 318
367 36
192 336
394 310
270 353
407 367
80 133
18 46
20 116
221 129
33 155
335 134
175 32
132 406
17 222
284 184
404 75
191 362
245 274
407 378
255 59
113 362
35 429
13 379
290 90
353 80
318 187
436 149
122 29
280 211
397 405
392 281
297 384
210 297
209 44
265 137
389 273
419 47
289 382
63 425
275 158
401 172
61 129
187 199
346 135
116 10
146 106
90 105
152 192
281 336
11 177
85 127
2 377
231 147
274 388
278 301
164 416
390 148
320 170
284 213
138 223
165 340
47 162
77 313
22 367
415 103
292 183
243 17
61 132
377 281
216 203
22 295
423 284
297 142
200 390
222 102
168 189
434 100
343 417
177 28
125 50
410 257
193 320
26 54
39 255
39 111
252 253
252 138
301 426
391 61
263 227
60 179
238 67
401 85
215 34
377 260
326 368
139 371
417 388
136 257
26 236
234 353
125 402
350 267
239 122
209 26
39 182
144 140
390 19
168 121
395 322
132 390
366 157
17 317
198 153
348 327
177 254
435 347
191 62
429 306
6 100
55 271
108 190
214 360
276 344
191 407
220 296
143 177
431 122
158 370
389 289
134 399
432 24
122 212
97 401
114 124
423 299
425 109
430 392
300 280
67 345
20 108
220 412
7 379
27 341
315 311
370 15
207 11
410 16
130 58
45 376
73 34
26 191
271 95
97 266
267 201
112 228
428 286
256 232
396 304
177 37
279 212
135 205
317 156
344 391
9 10
172 428
5 334
144 204
83 60
86 396
378 361
357 328
34 131
420 14
291 109
186 289
332 363
138 86
61 311
84 370
194 387
77 409
49 71
228 122
254 169
307 29
387 218
61 188
