9
493 73
228 466
99 469
201 189
153 291
193 56
143 238
282 223
194 478
437 411
433 432
75 99
401 253
112 32
21 414
364 102
50 397
231 385
492 467
240 60
181 304
282 154
56 16
74 1
270 97
89 379
323 11
109 261
385 167
439 356
394 219
206 361
490 168
476 334
491 250
154 138
157 107
459 299
268 414
97 296
78 226
70 465
478 37
177 366
180 226
48 200
179 373
237 399
380 322
321 403
120 313
223 441
151 392
174 245
217 386
326 92
435 42
322 179
489 268
301 157
178 146
375 268
313 373
119 432
99 221
493 440
167 314
319 43
217 142
241 71
461 107
474 453
398 90
18 19
46 266
31 480
91 223
245 256
459 239
154 251
470 33
242 333
272 208
12 72
24 42
355 177
449 189
129 195
134 189
307 295
8 10
3 395
24 225
315 268
212 197
445 10
25 212
310 486
442 475
181 104
341 20
171 461
68 241
111 271
450 433
328 105
385 218
320 172
160 389
166 369
67 84
399 171
394 390
235 423
233 222
276 429
98 100
4 191
186 258
397 423
91 337
80 375
260 21
377 165
473 53
143 335
485 430
223 344
204 90
222 355
200 349
298 175
9 354
363 149
294 94
42 181
385 229
283 172
86 215
269 217
373 328
142 377
471 436
90 104
478 185
132 295
377 396
66 414
6 488
413 382
354 118
188 226
399 275
226 284
282 432
244 398
265 267
52 368
352 456
469 457
201 21
144 36
373 399
370 369
473 450
94 201
290 172
174 34
109 166
465 484
177 278
286 260
177 348
323 70
182 99
267 428
391 417
78 434
487 479
341 450
287 25
474 38
240 46
8 26
78 342
193 259
355 446
106 113
184 416
425 252
152 183
33 164
424 366
463 13
452 358
363 257
305 42
30 229
348 13
297 387
19 176
168 81
222 143
421 487
453 2
492 95
412 257
77 117
375 401
400 416
264 427
471 130
14 377
135 110
103 389
147 85
127 389
30 44
231 224
86 122
54 183
273 322
265 110
303 49
440 455
411 77
172 346
127 468
302 180
404 417
211 290
67 1
184 377
51 376
419 313
368 341
243 277
173 83
19 172
452 469
274 190
150 336
406 292
378 279
76 462
431 424
235 35
252 404
385 309
360 220
391 156
356 313
414 173
382 92
292 433
477 90
280 16
183 88
192 160
66 161
316 269
359 268
187 232
471 476
257 375
481 156
148 69
328 26
36 5
365 480
199 96
170 132
21 33
218 248
87 405
280 124
4 198
445 327
247 95
336 200
125 452
472 471
146 80
353 155
104 427
377 228
460 306
410 91
209 447
163 367
159 29
443 14
351 54
17 215
263 170
288 330
26 7
426 387
307 270
436 430
373 25
389 277
385 141
177 417
135 206
433 130
398 65
339 365
432 457
387 15
383 287
308 227
272 69
324 437
14 408
457 49
220 356
437 158
172 100
170 299
194 121
474 391
199 136
384 231
375 373
293 359
483 407
45 384
411 414
214 304
155 476
284 440
414 471
108 28
189 101
19 378
126 88
255 233
169 222
230 246
271 311
27 424
399 333
454 198
109 128
121 317
470 418
108 488
461 367
414 195
132 59
123 154
392 262
287 487
55 213
486 376
444 240
399 102
236 175
373 85
300 363
68 210
18 357
195 338
113 172
345 90
411 78
232 417
183 246
321 101
393 121
330 231
382 280
39 334
245 371
139 277
268 451
3 85
166 355
116 101
348 22
475 323
477 12
284 153
295 58
67 433
133 172
417 183
456 45
385 118
4 104
325 166
199 241
292 254
310 477
318 474
411 377
162 373
218 340
350 266
335 140
271 423
29 82
241 483
44 23
412 216
422 71
145 100
268 131
453 389
241 215
411 104
295 115
315 79
259 177
189 41
95 351
177 329
68 257
480 331
252 137
488 391
29 437
231 226
280 207
437 36
181 70
388 92
417 464
189 64
194 177
431 381
374 7
456 438
349 166
358 379
93 192
190 118
112 290
453 175
350 234
47 372
491 105
151 373
281 226
306 351
87 413
375 196
482 14
347 401
61 153
289 29
345 447
38 114
249 56
409 90
257 429
142 227
213 232
162 391
42 266
258 369
69 328
104 402
57 67
202 215
390 191
295 73
280 174
172 471
232 62
471 205
397 161
474 362
220 462
387 203
420 266
417 372
438 81
285 414
181 319
132 130
155 448
40 232
332 321
415 141
132 343
71 63
194 480
366 15
312 372
458 478
265 42
106 2
11 21
11 100
45 71
80 54
40 28
74 62
48 79
65 17
56 22
86 103
47 79
66 69
54 23
45 16
98 60
69 103
102 1
19 33
1 60
10 54
67 66
6 96
78 11
53 36
87 101
29 24
18 98
55 82
64 51
23 55
73 4
98 17
53 62
76 97
78 91
13 1
52 57
15 96
25 59
57 21
37 20
13 94
105 94
23 88
27 73
7 63
9 106
37 95
12 15
49 46
89 102
81 44
35 70
2 77
24 97
18 34
75 84
26 20
10 90
56 103
71 5
13 32
43 6
80 17
22 36
4 62
46 68
41 47
101 95
103 25
33 49
5 8
49 35
61 18
83 93
62 18
31 12
3 104
2 95
18 100
75 99
15 50
72 39
61 47
60 33
63 81
85 86
106 70
24 74
84 62
38 34
92 52
11 44
4 43
74 14
58 84
19 30
1 20
26 42
39 41
71 69
13 3
64 1
92 83
28 73
642 639
147 445
484 424
412 369
565 613
225 246
325 157
183 324
246 408
568 55
308 637
372 353
318 23
438 623
75 627
88 216
591 476
629 264
89 391
69 639
277 350
458 328
318 176
163 588
532 146
595 481
319 357
462 114
61 145
568 26
101 176
450 302
358 145
475 579
320 132
75 548
359 346
18 38
276 201
291 93
526 224
207 198
199 512
600 546
630 477
481 182
562 230
398 289
367 125
531 608
259 346
597 545
228 613
272 601
116 287
84 79
252 185
96 583
515 423
142 466
133 590
89 278
8 511
403 267
423 462
220 37
342 243
326 463
270 185
438 266
363 630
524 619
630 219
168 132
339 331
87 214
176 624
111 628
122 534
280 59
208 16
50 485
142 509
514 10
503 405
18 486
447 165
132 137
316 265
628 233
81 144
188 514
197 585
464 333
371 222
159 399
629 116
521 537
39 126
142 376
111 86
238 54
277 444
279 59
226 128
169 480
250 103
592 217
128 176
58 41
178 558
258 374
64 539
378 496
301 260
290 288
110 249
64 129
606 313
249 331
413 159
4 263
306 28
455 463
371 214
56 546
169 498
509 432
234 134
297 466
630 230
21 148
338 162
316 362
79 338
625 521
433 497
523 51
246 384
213 368
202 378
91 171
602 189
458 559
438 53
200 550
341 383
387 12
71 613
553 212
488 605
175 404
198 290
83 45
467 414
37 628
78 299
219 640
597 18
187 80
173 356
32 560
40 439
46 269
640 241
322 336
256 588
333 546
8 78
119 635
163 477
631 546
338 417
113 592
11 107
414 305
82 347
65 140
446 473
55 92
569 154
580 605
550 637
216 416
311 186
430 159
49 345
558 82
577 510
336 472
566 281
331 482
319 1
428 169
640 552
289 40
489 104
426 173
363 9
293 362
393 519
477 2
346 260
107 450
450 76
442 605
239 402
119 625
441 448
65 270
37 25
283 380
480 510
173 227
307 154
582 528
530 50
334 622
343 375
332 415
155 278
479 629
420 73
52 46
263 90
538 128
435 77
337 609
322 235
70 131
607 182
10 394
282 477
260 596
188 578
634 47
258 158
237 218
636 305
634 152
615 642
181 87
323 156
123 189
546 36
248 529
595 520
333 153
625 242
385 383
543 145
70 546
135 46
609 248
342 629
138 508
24 294
18 528
247 509
498 245
314 258
510 612
43 121
192 516
27 149
80 434
190 235
265 527
193 205
322 255
568 31
573 86
493 140
379 399
274 134
180 410
305 271
609 532
410 615
148 611
455 80
495 406
599 393
299 64
86 102
618 77
368 28
122 540
621 486
503 634
382 290
365 553
268 533
563 581
557 439
256 421
19 346
549 627
507 636
117 180
89 480
262 32
389 164
170 44
528 35
230 150
364 314
37 127
592 502
396 128
614 415
438 333
141 630
176 456
501 354
521 481
111 439
563 546
525 172
62 88
321 145
372 351
50 583
377 83
35 53
491 1
540 296
571 30
295 81
10 205
81 370
599 484
619 343
476 383
641 59
383 99
251 60
455 627
166 128
400 428
232 452
327 460
499 345
176 450
53 106
639 388
638 16
419 328
603 500
436 490
88 625
494 93
628 639
98 562
332 324
104 211
509 568
126 304
273 346
111 346
555 532
280 431
42 214
506 239
216 395
63 76
501 240
121 122
430 195
227 369
593 223
476 262
468 541
624 367
442 77
305 574
72 95
315 423
402 527
525 381
438 509
554 263
52 284
625 480
85 429
272 206
330 121
477 479
62 13
348 457
255 626
439 14
530 571
500 6
340 598
100 21
542 572
65 571
409 165
389 362
546 276
22 301
261 525
317 369
481 167
528 518
19 7
34 32
120 453
219 458
512 599
411 330
41 563
368 81
44 37
159 642
298 377
329 53
301 24
165 103
46 86
530 259
368 232
256 460
508 150
495 642
409 425
490 636
384 356
611 624
83 588
540 229
348 605
35 147
113 174
536 319
516 613
300 66
139 546
526 498
387 366
609 214
570 462
61 307
2 221
553 209
587 474
610 13
538 459
124 6
353 198
346 333
378 584
540 554
185 505
387 349
215 482
205 97
112 316
590 631
617 407
210 320
81 504
581 565
403 244
39 397
533 494
558 151
16 122
272 69
102 118
313 53
282 434
94 582
592 356
471 429
630 172
490 487
394 446
345 196
86 124
541 285
606 74
122 281
625 438
564 464
538 332
237 442
527 422
383 173
77 494
544 265
48 478
18 95
66 368
208 236
640 186
609 443
409 333
616 275
197 167
71 392
527 355
301 320
440 565
27 216
81 130
37 401
275 480
194 412
78 619
531 461
476 550
191 108
378 409
477 104
382 15
33 550
307 409
595 253
393 179
54 76
365 598
345 20
580 33
257 327
476 281
461 582
476 438
580 144
458 29
463 309
305 579
157 520
482 462
642 503
481 198
439 143
173 512
558 262
158 163
427 565
551 437
550 299
541 418
595 586
483 79
106 420
51 192
598 360
589 19
111 49
572 307
361 293
470 113
227 497
71 373
615 346
625 115
310 639
522 442
322 307
299 450
556 180
299 331
440 177
114 109
160 549
204 129
136 571
107 551
23 203
349 611
450 10
254 40
80 286
339 448
633 568
451 640
229 465
79 216
622 532
267 353
536 352
357 260
85 113
386 181
68 70
588 231
130 454
59 439
404 121
113 223
343 547
238 604
390 541
292 581
546 17
513 207
492 564
464 422
56 184
620 257
571 240
360 281
67 129
449 394
575 246
214 258
265 535
524 48
283 150
64 579
479 453
167 304
476 3
362 312
122 567
432 632
25 91
546 191
245 105
60 69
474 284
290 5
333 163
528 161
333 123
303 631
469 485
444 333
363 517
468 102
323 436
344 546
444 335
598 594
57 264
576 94
163 617
262 134
561 639
281 13
47 125
117 66
170 172
139 9
130 206
217 107
179 133
190 48
186 265
43 223
158 128
211 239
259 128
274 14
96 33
106 89
248 39
69 21
27 192
36 273
139 58
64 27
111 82
7 177
277 59
268 229
80 78
188 9
169 137
131 76
191 224
12 150
76 42
55 77
172 99
201 5
22 162
267 271
108 33
22 46
32 277
15 78
182 141
237 160
243 44
246 7
51 199
3 250
8 170
84 10
266 169
272 266
100 73
39 210
191 250
110 22
277 122
63 68
101 225
280 268
146 210
97 157
151 85
157 49
258 276
196 68
105 161
216 170
97 273
202 170
114 132
127 98
207 185
121 181
169 1
268 114
257 97
150 269
65 26
61 252
16 89
212 66
105 234
269 60
221 180
249 281
33 169
134 183
237 277
107 237
257 266
230 22
210 212
107 275
99 242
150 193
260 72
220 279
25 179
128 203
252 265
268 251
184 222
172 155
106 247
203 53
270 31
152 255
198 207
179 61
89 38
176 187
167 69
74 148
268 72
9 149
257 100
107 113
67 55
244 229
256 253
277 100
277 247
237 78
94 194
140 9
127 163
226 45
217 86
232 230
10 277
33 228
141 112
138 119
26 90
109 273
34 89
120 243
154 10
238 17
185 146
183 188
201 197
146 178
127 243
88 111
157 215
237 274
221 169
153 247
188 225
209 247
173 46
32 40
179 10
54 61
78 146
263 100
44 50
172 194
20 78
270 204
76 243
4 59
221 48
143 263
125 75
242 235
231 24
150 30
102 182
90 209
59 125
41 46
147 130
249 57
81 25
126 17
220 94
233 57
45 33
243 18
107 258
43 116
185 227
8 150
228 189
239 270
197 164
262 96
2 163
251 95
113 123
277 268
214 112
28 221
249 201
118 5
130 228
166 218
116 45
126 208
121 7
236 215
236 152
70 268
106 267
45 129
185 145
35 265
52 117
168 8
112 82
92 240
160 83
243 17
230 53
117 13
187 85
133 171
82 22
94 104
79 179
218 146
9 257
144 82
245 122
170 144
7 160
25 56
4 91
178 136
170 250
175 170
170 196
205 218
264 218
29 82
148 100
89 92
218 138
57 6
174 274
82 11
256 14
254 273
174 184
111 62
55 115
221 270
206 37
200 209
24 160
51 133
8 176
121 19
241 107
135 196
122 71
142 266
106 87
93 105
271 23
278 128
114 219
165 28
261 124
206 159
100 55
265 213
156 61
140 261
76 8
5 170
170 247
105 257
21 233
190 103
8 192
83 195
734 734
325 226
343 127
68 443
331 382
726 285
383 718
538 592
35 647
443 638
360 498
198 55
390 570
156 556
371 656
72 187
623 190
353 570
635 148
290 82
471 266
652 408
159 424
378 710
221 249
266 77
244 630
340 309
141 259
398 496
111 639
500 171
713 613
595 697
92 541
403 212
221 102
214 706
259 465
46 238
48 326
612 591
77 682
342 659
230 683
726 140
269 590
676 348
177 586
634 667
40 97
190 265
621 202
113 3
296 37
302 1
580 324
185 595
66 347
109 597
246 497
452 353
510 53
689 473
83 410
147 48
680 520
48 649
273 614
79 421
31 390
537 475
205 383
334 304
217 488
663 485
661 56
423 655
30 529
272 129
244 36
171 20
661 132
113 359
20 371
259 546
396 690
128 429
287 435
9 378
362 107
253 384
310 488
62 470
301 654
558 654
531 420
109 711
413 465
59 187
133 589
140 396
315 197
186 527
87 275
442 373
303 487
232 534
307 27
221 422
201 714
348 298
71 636
476 459
242 62
659 94
184 727
127 400
675 71
367 370
494 349
192 490
24 38
546 501
593 138
123 163
611 474
478 115
264 132
380 336
175 312
405 272
333 489
675 27
8 18
539 253
733 473
627 639
459 100
557 295
652 57
95 565
393 432
37 269
704 122
282 375
90 377
485 534
339 142
559 13
407 613
371 136
523 511
13 571
521 465
48 399
633 318
573 727
329 730
562 33
589 485
36 722
645 418
323 546
357 561
696 508
256 237
48 49
657 188
103 594
508 659
348 437
261 488
139 578
283 440
294 613
468 121
599 310
112 687
700 397
529 523
565 538
55 502
264 552
254 89
439 586
675 564
448 458
413 9
200 94
650 127
335 484
326 146
188 609
725 10
86 403
231 48
220 235
279 607
73 447
453 412
35 424
686 700
421 317
435 601
271 709
574 648
574 591
327 20
564 277
505 487
689 176
200 419
493 252
724 523
455 38
459 152
707 644
44 126
696 105
709 260
190 229
29 551
486 564
98 708
83 520
297 407
240 397
532 408
504 310
200 216
702 620
127 15
686 102
86 669
693 619
28 153
245 199
459 255
261 615
679 250
406 101
658 566
258 9
420 571
207 654
152 330
714 170
287 391
287 469
162 330
540 669
358 412
447 670
449 476
374 52
51 451
245 118
203 355
574 514
585 664
267 201
511 351
527 200
572 45
488 687
210 389
390 13
218 597
237 416
323 122
436 684
359 99
114 521
385 731
522 560
529 515
710 44
45 518
546 344
51 720
472 293
588 288
464 302
707 525
369 48
540 337
161 540
196 585
467 25
199 331
584 410
681 719
550 43
215 273
408 600
516 224
708 450
734 560
423 259
616 620
126 204
322 349
431 646
255 649
710 174
74 631
624 274
222 509
73 350
405 41
396 165
553 684
580 421
539 211
157 283
681 318
673 687
388 409
589 123
526 209
622 701
36 604
454 658
86 84
409 269
622 435
248 43
176 261
485 182
60 443
139 594
247 127
40 587
224 228
660 707
547 509
372 79
86 390
495 658
545 90
430 395
726 308
7 13
259 665
602 714
63 157
500 272
729 527
288 331
406 714
55 43
26 5
420 135
443 263
43 503
577 23
343 236
8 189
132 413
467 232
270 650
710 128
639 707
420 585
155 104
359 428
688 254
124 61
420 654
551 154
557 68
510 444
164 187
268 564
418 726
124 561
135 457
685 171
31 728
213 573
539 385
528 329
86 706
239 81
98 340
466 247
8 20
694 268
414 84
649 488
440 254
150 189
199 365
332 359
653 722
573 20
411 53
199 169
527 195
504 85
586 546
435 686
494 383
244 233
376 437
115 251
251 583
624 508
712 446
599 325
176 604
383 589
507 578
235 305
628 706
428 666
262 481
390 39
484 117
225 278
293 347
269 476
572 652
61 338
581 597
252 179
451 6
275 86
376 711
386 439
171 142
410 392
380 580
287 64
366 734
302 244
658 717
113 156
475 543
342 519
395 468
340 91
548 357
447 40
241 296
75 282
619 574
326 58
168 526
173 29
714 703
555 672
602 272
29 261
70 714
656 589
506 658
517 512
358 80
248 130
488 90
707 478
283 401
562 255
208 512
665 726
649 329
549 260
43 51
627 433
494 65
546 155
257 333
286 635
456 457
621 96
83 13
514 313
257 120
383 424
98 250
629 203
184 436
479 98
665 13
151 109
194 548
401 14
379 279
657 20
529 229
415 440
183 505
20 529
589 203
321 495
356 616
47 723
459 567
311 288
715 570
477 673
172 594
235 571
371 425
52 44
358 557
371 616
93 176
284 643
596 499
304 211
728 119
389 187
681 281
665 513
16 625
695 621
603 371
354 551
10 219
99 370
462 283
497 460
295 569
394 621
13 417
289 385
203 613
306 272
682 625
554 430
541 390
591 24
579 224
618 385
93 699
106 151
723 418
315 483
708 379
97 22
181 453
460 355
54 533
364 547
81 352
482 246
494 470
552 78
586 441
381 592
345 96
383 61
595 606
438 371
80 576
481 559
257 272
148 523
520 280
538 264
692 531
320 447
260 574
596 734
33 445
346 167
661 461
131 577
269 611
259 679
680 721
716 225
231 28
489 223
192 264
77 707
176 387
117 574
603 434
660 595
138 564
366 47
718 17
641 681
145 424
689 137
50 443
168 408
713 110
172 564
185 533
97 245
46 691
383 227
588 582
700 328
98 53
248 348
478 11
81 546
284 437
282 468
97 564
291 238
112 237
127 255
530 48
659 143
536 158
437 393
475 640
657 46
89 427
563 338
160 329
589 463
642 155
328 535
21 155
543 491
159 125
641 485
695 485
346 108
493 203
475 313
565 555
170 273
585 290
287 671
376 259
712 261
713 319
159 2
314 534
531 389
651 492
241 568
668 343
485 361
686 603
575 257
245 662
683 542
493 598
677 244
707 698
180 170
530 149
492 31
42 299
363 134
250 359
495 665
711 261
385 398
586 380
94 524
26 666
360 649
88 196
278 648
649 707
309 544
90 299
652 97
536 20
370 144
418 373
99 260
283 385
346 713
527 140
303 571
472 81
295 665
341 342
517 538
276 259
156 363
176 10
222 425
674 539
85 632
338 312
557 12
4 512
69 301
605 8
147 678
689 67
732 196
203 166
261 656
300 700
283 448
76 726
321 610
637 644
43 19
428 617
701 292
245 546
34 377
716 368
79 626
674 316
221 646
683 179
555 579
608 176
148 74
261 395
426 316
402 384
686 197
435 243
667 589
480 296
602 178
376 283
107 513
234 557
23 246
404 397
206 697
33 193
32 113
692 705
116 26
191 529
80 80
47 41
20 80
49 72
58 64
41 48
53 41
77 14
39 3
27 52
62 8
73 9
30 64
16 18
70 54
60 68
30 9
41 56
20 78
7 41
19 9
71 40
21 1
24 77
32 67
3 46
32 10
42 34
12 70
75 61
54 21
74 34
13 54
60 54
25 23
28 64
20 75
41 52
54 29
55 59
26 20
14 5
11 10
17 65
25 47
38 37
59 38
48 18
65 49
79 9
62 77
20 49
62 41
36 65
22 70
70 33
57 74
41 30
10 30
74 70
71 47
15 74
67 76
66 48
42 6
31 58
44 9
70 4
45 64
63 9
2 11
62 50
22 51
70 30
37 63
69 59
62 43
20 46
74 20
49 35
72 24
63 16
31 26
32 18
58 65
67 36
24 7
9 49
71 19
30 64
25 20
11 36
22 14
48 69
62 46
14 33
66 30
45 8
63 52
31 60
57 70
18 54
28 45
55 37
36 51
55 38
52 59
15 48
29 23
39 4
34 62
28 36
28 53
12 44
66 58
24 29
66 3
54 55
16 8
48 67
21 12
4 31
3 24
72 32
6 9
3 50
13 59
66 39
10 46
20 49
58 21
53 2
29 33
49 54
64 8
56 37
71 54
62 55
54 40
28 43
61 45
17 3
64 47
62 57
29 70
68 17
1 67
42 39
41 46
5 52
27 68
35 70
75 25
47 56
70 22
66 50
28 35
11 61
27 41
24 49
47 12
10 34
66 51
19 52
40 17
12 62
5 28
26 70
16 53
31 3
21 32
36 63
46 50
71 69
55 24
43 72
68 23
24 60
38 2
60 13
7 36
39 72
66 43
75 68
59 47
64 36
52 68
8 42
16 21
58 63
24 25
44 28
46 74
10 2
45 7
11 17
3 63
33 58
68 29
41 1
51 65
67 3
18 21
72 37
68 24
71 34
30 8
43 61
37 32
15 34
57 56
26 20
54 24
39 73
60 9
50 71
41 3
42 57
12 75
64 6
42 64
48 2
20 75
31 2
63 14
4 12
35 41
84 42
16 46
68 69
75 15
46 17
26 9
80 34
52 34
72 32
82 9
1 29
24 20
54 44
30 65
48 22
30 9
11 79
34 84
42 31
13 25
4 36
79 23
1 72
3 28
14 35
49 11
56 73
60 59
57 2
58 47
63 49
38 14
73 64
6 54
37 7
47 60
74 10
73 70
46 81
59 10
47 38
11 43
71 36
37 27
51 53
2 68
45 70
12 40
37 24
63 52
53 68
52 22
67 69
36 79
77 61
16 31
12 33
81 26
29 28
44 79
83 38
69 81
25 79
21 8
11 24
76 60
74 39
74 43
60 33
11 18
5 50
80 75
5 36
55 58
66 52
62 3
74 73
27 78
47 46
41 59
21 48
61 69
24 19
72 47
