9
643 257
551 538
207 570
51 221
544 11
123 312
133 518
148 638
565 334
600 199
4 19
483 402
55 347
146 470
58 277
487 125
263 304
137 193
592 339
68 124
186 439
263 605
282 263
527 331
154 207
626 210
71 20
633 258
165 337
59 292
137 522
156 566
155 590
392 616
270 195
296 238
8 294
617 186
572 420
529 587
341 386
316 200
619 318
627 258
81 286
236 457
395 351
281 496
369 466
463 138
595 15
191 361
431 275
244 581
521 638
374 25
354 107
422 200
571 355
57 250
604 454
253 62
513 239
519 210
317 131
573 285
216 460
554 343
436 183
387 624
144 399
508 183
246 537
109 493
610 632
242 509
536 144
20 313
387 163
167 503
455 479
388 504
370 84
340 231
531 565
356 419
355 615
88 412
500 70
516 84
638 430
439 507
137 98
241 82
209 116
594 69
341 573
434 531
91 175
251 605
106 85
149 425
642 29
420 478
59 416
103 160
562 552
236 318
470 325
488 407
416 109
336 222
100 379
615 26
115 552
125 236
62 119
327 81
406 404
342 522
324 559
287 180
210 127
525 176
112 398
186 64
611 117
629 451
603 433
353 397
443 475
283 351
285 560
597 169
535 341
3 405
351 216
277 94
37 241
257 77
532 78
396 193
569 479
323 46
576 277
325 626
15 575
186 122
120 448
168 510
143 544
332 473
502 616
348 533
30 370
346 90
285 304
356 379
458 72
226 192
437 621
113 324
641 327
303 578
207 534
431 166
350 210
561 142
108 130
620 216
73 30
135 49
6 533
198 514
79 547
60 438
515 208
102 443
631 591
540 323
209 39
81 355
602 175
355 438
510 57
512 401
313 270
249 20
403 233
87 5
565 178
352 31
378 227
158 345
303 607
404 216
203 154
491 11
146 466
108 261
589 513
259 601
360 96
252 162
113 250
398 128
59 248
596 55
237 588
137 471
631 62
106 638
440 32
394 127
62 147
497 67
434 257
309 542
284 323
598 495
476 637
391 352
238 273
356 612
433 236
24 348
145 220
9 580
440 320
245 74
138 176
386 129
17 407
393 520
340 398
128 325
541 12
540 256
441 2
358 544
155 366
252 19
641 191
585 416
499 439
50 29
174 428
9 288
398 137
459 93
129 280
306 75
363 210
464 294
341 47
378 387
332 82
235 528
609 52
247 630
270 526
325 207
628 412
219 335
203 192
418 500
460 176
188 287
519 383
165 642
279 298
55 325
265 616
182 49
211 159
415 44
445 601
223 251
583 414
626 230
269 344
86 130
179 15
382 615
222 239
332 490
418 358
106 80
464 606
358 75
16 341
449 495
107 379
128 597
52 281
51 410
284 216
15 158
233 42
621 597
626 611
625 200
416 431
228 11
423 35
329 15
137 478
570 643
440 367
517 267
112 291
95 247
450 212
478 577
492 126
27 278
171 104
276 128
229 308
601 262
325 145
83 398
225 343
7 57
14 230
355 530
411 104
464 400
82 446
114 420
63 636
515 38
355 579
470 318
216 252
168 34
515 451
17 23
544 132
210 297
391 307
92 469
302 141
289 271
400 40
417 56
616 150
230 265
27 345
216 66
51 363
135 215
154 357
6 349
343 28
313 232
209 184
618 225
491 198
228 548
636 190
305 439
539 248
622 69
155 427
626 507
156 346
407 323
217 600
186 364
372 140
299 102
289 405
95 121
318 181
348 360
98 595
439 12
41 131
156 440
633 112
54 324
440 461
377 11
556 238
143 424
324 255
39 596
557 289
126 536
322 526
373 581
635 212
106 341
474 374
18 488
233 22
367 265
586 80
356 87
160 128
437 381
561 86
486 597
229 597
517 528
211 137
15 467
272 515
104 443
199 428
331 105
547 438
385 62
93 314
264 282
555 633
238 247
193 310
357 172
447 107
89 152
640 65
44 207
316 72
38 84
552 367
527 476
109 494
134 261
207 244
110 574
542 376
324 104
522 330
270 110
128 323
506 494
305 269
623 61
271 321
130 524
136 311
595 582
487 511
247 214
170 185
450 549
82 626
507 67
552 197
614 633
375 225
19 53
426 330
493 640
14 213
483 380
530 390
59 608
499 295
372 238
569 517
498 124
124 106
358 587
295 13
294 195
219 143
407 153
111 471
279 503
535 274
494 201
379 224
109 477
607 131
45 152
432 316
289 210
565 113
181 141
48 522
108 565
40 523
92 238
429 74
595 393
568 465
323 480
385 81
301 356
46 29
357 388
122 537
189 156
89 444
230 11
238 325
21 324
356 398
33 11
181 242
311 98
161 557
46 468
507 374
564 634
170 443
245 407
550 343
583 43
287 61
55 36
389 48
440 49
382 270
242 563
319 38
118 573
173 454
43 328
339 527
157 532
38 597
513 613
453 360
468 558
101 397
529 485
123 626
24 481
148 266
210 416
636 461
160 175
581 194
639 49
290 281
409 117
626 341
281 76
156 391
501 551
26 187
489 89
108 97
146 588
261 333
368 95
443 262
534 624
82 382
338 245
343 440
439 448
401 329
459 451
206 74
260 186
128 517
116 164
402 413
353 58
482 602
494 52
268 92
16 180
505 530
452 553
615 421
465 88
398 202
151 597
362 284
228 384
122 503
151 545
234 215
499 462
407 43
146 365
624 177
524 99
402 216
634 133
452 292
487 441
307 599
641 551
127 408
442 49
594 59
28 513
391 593
9 585
102 546
156 568
103 403
1 635
39 315
470 56
348 216
254 447
470 435
359 304
300 238
136 425
156 212
139 636
377 326
453 543
632 559
552 204
244 584
160 428
376 108
440 495
293 55
472 421
443 131
456 198
74 567
371 491
11 634
106 35
603 243
334 72
484 332
340 240
436 169
252 366
330 454
78 640
325 205
353 236
218 31
186 489
382 565
316 196
10 75
339 536
527 189
496 496
442 357
326 196
297 48
449 168
68 198
161 49
4 223
306 171
53 431
13 41
434 108
256 211
434 416
132 323
313 395
3 291
92 154
140 63
11 419
105 371
271 437
299 246
254 216
77 204
150 282
375 364
454 108
176 152
32 177
66 256
257 181
293 484
260 356
222 135
241 283
89 166
400 206
480 474
73 300
470 311
282 414
210 153
440 427
160 421
133 461
61 18
324 189
13 295
25 23
161 222
47 335
108 405
85 339
424 29
288 213
482 428
26 260
64 384
107 173
475 83
442 43
407 134
439 412
44 456
337 489
207 118
222 69
96 402
115 199
147 26
122 351
129 78
255 329
142 347
122 309
285 113
30 37
244 198
108 111
289 345
391 447
360 129
229 395
249 177
338 84
51 385
450 275
430 205
214 176
473 423
342 106
76 6
296 162
295 292
283 122
197 465
242 172
372 305
199 109
76 117
227 441
258 148
131 462
485 474
412 45
337 161
312 268
78 375
112 276
197 310
222 256
317 203
312 208
219 62
393 174
47 135
337 280
107 1
304 164
456 481
326 54
236 228
272 117
370 27
358 230
290 104
63 120
320 336
57 47
248 10
217 204
118 3
161 137
309 490
343 193
306 383
275 370
318 226
242 478
395 244
376 357
170 166
487 56
91 301
464 386
407 338
279 122
24 271
470 122
260 297
328 412
209 347
330 83
234 437
254 225
485 378
374 246
481 222
119 209
53 12
6 200
173 79
228 284
114 214
430 256
298 195
230 326
298 223
369 326
302 21
50 118
283 467
153 208
240 190
122 440
344 425
404 321
353 366
477 69
191 240
170 16
253 465
275 164
145 380
122 294
444 138
55 405
191 295
323 372
334 179
291 15
397 323
462 78
184 63
234 323
317 299
165 420
57 46
377 220
365 228
339 348
413 494
366 157
48 336
419 396
300 231
437 192
70 63
251 168
186 87
478 399
295 481
430 343
420 364
453 311
332 345
189 493
135 219
219 460
157 461
321 455
405 492
333 406
434 244
180 464
99 47
356 258
428 378
47 72
175 47
493 187
382 352
255 289
303 311
201 390
71 370
295 176
403 416
447 416
183 356
102 117
207 36
472 434
271 39
477 97
357 5
127 413
198 345
374 316
198 273
449 425
155 374
59 365
213 462
274 188
348 178
106 409
408 198
356 349
322 485
69 282
250 256
21 395
164 43
381 43
295 153
161 419
16 35
169 308
179 402
432 378
19 417
462 53
170 144
273 140
354 199
319 407
375 101
57 116
466 350
209 471
108 295
386 442
127 18
226 256
232 225
233 252
182 404
215 248
73 372
74 70
66 201
366 459
76 262
56 470
67 245
91 263
341 125
410 33
335 31
176 444
94 242
267 458
341 379
239 422
401 34
386 80
495 193
403 170
130 426
424 18
373 221
462 154
239 408
333 456
224 25
270 20
331 446
170 278
339 19
51 214
271 436
306 365
209 415
409 395
146 346
426 428
204 108
360 295
426 377
209 206
202 387
331 426
88 408
118 157
381 259
297 425
457 441
473 111
469 434
264 309
42 297
2 194
267 257
470 212
17 47
393 170
227 325
275 277
443 138
7 474
98 450
248 122
209 86
315 60
279 445
64 465
299 365
327 50
429 11
28 309
237 477
126 408
3 367
202 154
242 404
326 397
363 235
396 38
442 338
185 75
299 87
262 398
51 103
237 307
25 404
82 481
286 495
434 206
434 178
411 321
194 256
491 107
6 93
213 121
81 479
354 452
223 222
20 397
397 362
470 206
190 475
233 477
40 373
488 304
52 365
55 14
174 8
315 295
433 108
296 197
109 419
350 368
254 462
115 243
432 389
465 289
386 105
312 22
158 352
483 152
397 123
408 392
287 169
451 305
177 482
463 129
430 159
30 199
314 301
185 30
163 33
328 282
245 43
266 416
481 366
170 146
386 323
476 271
435 483
208 149
189 48
378 152
295 234
275 247
437 361
199 110
484 254
412 91
191 163
433 496
118 276
235 1
194 167
136 421
105 143
245 76
380 256
140 441
255 124
122 179
445 139
221 405
19 9
161 81
448 464
85 238
18 403
274 326
269 298
421 475
404 261
394 428
427 151
289 100
58 219
200 65
355 135
299 405
69 1
163 290
55 141
158 419
218 87
298 265
434 468
77 128
257 403
464 321
465 285
340 166
156 342
95 438
169 161
486 146
281 29
297 481
417 359
222 401
129 90
442 350
388 323
309 341
369 438
418 192
806 806
665 117
351 531
546 552
235 143
621 749
250 68
454 141
251 392
235 570
581 698
230 2
566 599
704 385
407 270
637 692
159 199
618 441
7 286
455 656
657 483
73 242
326 562
177 451
385 586
512 301
117 87
533 49
332 534
677 354
239 703
718 431
132 445
784 583
442 213
259 100
494 531
454 63
715 477
533 698
95 186
721 186
101 787
566 91
21 477
221 423
780 742
512 786
250 763
258 446
510 627
768 88
603 644
48 64
708 129
349 633
209 760
647 159
290 583
752 249
591 323
544 185
471 320
128 364
524 347
729 142
737 694
52 763
278 790
106 519
609 744
768 21
406 533
297 488
95 563
313 751
389 381
580 194
125 8
756 452
476 482
633 424
202 41
3 337
654 472
32 396
93 63
771 799
261 203
776 286
137 489
539 694
76 370
302 577
50 46
429 689
648 579
693 451
542 686
208 482
102 357
21 547
392 104
480 421
47 692
636 85
334 117
360 103
114 153
250 28
441 735
430 144
614 437
186 475
578 327
113 805
548 297
373 167
219 738
429 206
517 536
566 63
607 365
589 383
519 800
490 456
365 233
181 68
654 662
650 225
432 191
774 80
234 806
448 6
591 625
249 226
739 607
159 334
96 250
306 14
799 305
732 34
585 670
170 741
111 715
12 259
394 529
308 667
127 793
697 126
377 615
546 282
279 276
260 71
152 32
698 336
552 516
55 641
785 460
230 446
330 652
21 774
525 59
770 340
168 694
509 713
14 620
216 552
313 474
602 386
299 606
599 67
590 736
364 616
299 472
770 291
339 234
345 753
249 123
234 352
590 594
346 386
191 86
21 793
31 329
646 132
94 675
571 406
673 799
109 206
48 793
556 477
65 442
621 598
591 74
797 739
79 502
574 429
504 610
322 184
442 259
696 401
593 395
805 448
244 179
642 394
149 560
512 555
160 166
505 169
225 358
692 477
66 37
251 256
91 39
805 176
347 311
740 294
612 403
631 356
22 269
538 297
574 275
481 746
501 642
286 221
367 241
51 82
347 512
477 113
208 30
286 597
444 494
68 248
592 13
801 319
785 115
622 40
714 436
19 377
374 262
449 304
206 298
618 150
378 479
690 677
564 3
341 673
774 155
158 296
639 492
281 631
442 52
747 775
544 769
279 587
177 793
774 179
792 751
486 635
743 657
155 139
213 707
732 569
406 566
758 532
610 268
242 124
196 595
498 298
346 621
233 455
198 93
702 759
391 593
171 380
175 805
58 281
229 775
392 586
694 401
382 670
113 17
637 303
305 506
468 17
730 760
557 423
11 704
367 678
595 502
804 377
91 511
765 228
392 754
515 707
260 666
212 325
559 566
483 756
509 796
97 4
638 653
738 217
610 726
371 572
622 420
216 255
105 536
74 190
180 398
281 677
404 525
324 157
413 175
689 359
486 112
218 519
62 640
436 671
428 33
603 18
411 706
406 682
215 761
418 47
473 237
360 765
374 90
178 762
63 717
344 103
135 592
729 405
208 643
613 630
151 21
497 522
159 618
177 795
748 333
153 365
118 519
31 450
219 710
375 289
443 524
260 649
49 10
557 568
29 331
366 65
348 581
4 480
435 91
66 635
567 75
297 633
727 328
259 26
154 768
458 176
31 95
554 677
126 365
395 518
727 111
318 634
361 609
754 33
785 172
375 385
690 171
734 444
669 359
397 159
15 225
596 91
52 166
806 280
604 642
201 365
35 294
354 655
353 117
500 530
594 611
552 772
133 773
562 171
83 50
713 462
43 783
124 470
442 8
604 52
700 654
285 640
250 641
503 150
577 635
393 135
573 334
546 600
773 315
547 342
711 731
759 121
610 718
132 290
691 308
541 136
188 74
674 351
477 546
769 3
633 576
343 763
95 74
663 777
774 483
782 99
460 27
773 800
174 116
247 416
5 359
762 205
370 803
21 432
272 13
242 209
219 91
392 327
643 44
429 755
759 489
537 424
513 441
386 266
543 257
689 307
278 282
46 658
9 660
586 263
320 556
174 718
741 324
28 77
60 169
757 706
145 680
205 633
687 634
144 318
526 146
283 322
624 477
204 718
368 300
604 283
99 789
802 488
89 338
211 293
508 165
53 626
358 151
78 20
148 272
706 29
161 685
707 120
48 794
399 487
589 334
763 605
105 551
622 261
358 61
67 619
72 136
163 487
620 308
161 676
768 771
508 442
6 140
149 207
20 287
82 379
566 432
384 567
332 239
82 477
459 80
519 46
310 442
95 592
545 735
179 683
147 359
376 409
21 52
805 321
130 370
479 550
617 796
314 159
526 358
350 510
567 70
122 181
654 23
57 105
492 223
148 187
159 308
733 350
731 257
86 671
35 295
540 614
424 792
745 33
758 90
90 233
616 792
335 295
805 500
724 772
638 549
102 317
149 726
84 519
257 162
464 531
574 767
483 69
417 729
500 446
473 509
540 220
154 246
302 425
587 177
488 72
189 382
457 104
765 274
582 417
571 242
778 679
643 294
81 222
26 507
173 415
177 612
91 586
787 420
382 376
294 284
793 489
349 173
143 621
250 765
92 766
94 252
599 369
481 14
462 183
445 164
406 286
586 461
13 107
520 622
732 461
546 288
14 492
429 414
159 781
437 236
159 4
604 567
405 453
25 457
144 145
482 361
438 39
8 162
699 325
349 92
601 88
463 163
240 151
1 723
766 632
39 422
527 229
254 494
493 643
278 478
688 733
286 195
111 684
473 605
479 791
65 169
465 242
485 473
493 640
17 654
352 575
779 167
694 376
419 745
325 494
376 134
779 128
242 525
9 398
330 362
367 271
556 789
335 227
768 281
261 561
720 790
629 325
692 705
66 719
401 197
482 694
538 553
263 192
123 56
312 793
74 534
430 565
487 803
571 293
333 38
608 610
479 88
240 229
444 16
725 35
709 737
330 429
801 283
260 633
522 703
712 119
620 355
534 626
54 588
435 273
599 9
36 588
778 1
304 32
664 630
656 523
573 400
118 651
43 692
566 484
251 252
442 89
763 98
155 193
277 694
74 155
803 566
95 304
345 380
357 177
86 672
411 542
439 110
233 21
586 232
722 302
495 744
510 742
645 634
668 639
750 48
701 282
52 208
486 390
692 324
659 531
242 434
499 777
264 654
788 636
255 466
198 716
628 385
388 423
589 210
622 712
533 402
156 309
1 467
188 491
356 245
58 42
426 232
491 352
653 556
598 445
261 800
540 566
129 445
46 623
331 251
464 798
78 578
253 104
93 613
598 407
294 729
769 244
558 692
764 597
212 648
440 667
789 555
521 235
330 514
91 574
477 159
663 595
519 139
633 52
752 240
595 618
309 308
129 387
138 13
389 704
738 22
551 653
584 152
750 200
8 108
763 300
594 447
491 510
531 63
1 486
681 93
182 4
785 442
732 408
726 151
507 410
267 723
621 371
412 763
580 30
496 788
80 243
451 24
761 457
8 247
131 333
661 265
593 297
771 685
2 535
490 580
17 804
644 739
139 214
372 4
577 159
209 238
748 621
231 727
477 144
406 621
224 150
667 265
788 769
719 695
728 719
296 165
292 771
805 363
594 705
433 368
598 202
684 271
587 528
609 110
81 494
208 316
640 469
45 67
153 427
291 643
36 321
109 109
57 60
27 24
78 23
88 48
58 3
81 71
85 47
19 95
109 98
41 30
46 55
37 105
54 93
87 101
26 52
97 11
21 74
51 10
45 35
35 70
67 46
50 61
100 16
62 38
52 12
96 18
99 82
8 107
21 33
23 87
107 77
66 101
104 83
97 19
61 80
4 2
75 81
14 32
5 83
92 37
96 51
21 64
102 31
65 99
63 76
56 9
53 40
1 84
37 86
15 57
49 98
2 40
25 11
39 79
31 6
20 85
91 51
29 104
11 46
46 72
93 109
69 23
103 28
31 46
45 97
81 64
68 103
50 27
39 48
70 43
98 11
23 17
10 98
62 89
103 31
98 20
44 42
102 105
49 87
42 10
73 97
21 90
73 2
45 94
60 42
75 76
73 16
7 98
36 98
49 56
14 11
1 20
77 41
77 3
50 30
99 73
48 98
12 49
102 104
21 72
68 59
97 34
87 22
13 30
42 62
30 10
108 22
106 10
205 186
92 161
194 91
48 205
185 164
82 185
93 60
122 142
140 78
34 84
170 14
188 7
153 143
15 93
163 135
112 162
187 11
25 36
9 149
63 149
118 138
111 172
127 102
34 58
160 80
196 143
194 117
11 147
88 18
186 188
157 199
84 88
151 154
94 7
113 132
75 54
183 193
198 182
172 131
54 173
65 5
173 105
29 132
171 55
23 115
201 29
169 190
42 130
88 10
61 80
88 13
4 190
69 202
27 78
60 53
84 125
164 132
110 91
152 172
34 93
119 148
88 52
44 163
42 143
66 188
80 5
83 142
98 34
162 1
107 142
126 62
156 108
50 88
13 146
201 197
158 176
110 12
141 143
169 14
57 87
32 39
123 116
127 93
154 84
143 19
101 1
20 194
77 176
98 48
40 159
184 17
200 25
188 34
148 185
84 30
153 16
203 103
105 80
3 104
93 150
204 106
106 101
118 28
185 128
185 97
59 151
67 12
167 44
9 177
35 80
192 176
177 143
132 147
34 72
136 78
202 203
32 24
108 13
186 168
201 93
109 76
132 138
7 43
93 25
88 49
130 161
81 195
171 13
194 155
84 22
137 101
39 90
57 44
23 176
129 140
26 152
73 168
143 202
87 166
124 23
25 74
158 47
105 86
76 155
163 179
48 144
157 25
194 198
2 51
143 68
143 71
195 29
177 201
145 39
176 204
45 174
79 133
106 99
100 24
96 41
39 71
29 183
15 8
140 31
134 186
110 165
114 186
104 12
163 105
1 180
95 5
21 188
117 80
152 201
77 70
204 96
33 193
92 14
93 91
91 38
93 106
159 108
120 181
140 85
183 139
89 133
201 56
139 46
178 81
69 181
71 83
147 45
126 158
108 116
78 37
189 15
64 113
56 133
15 184
191 162
51 127
121 25
140 197
175 31
149 6
705 235
594 72
573 149
28 333
648 653
627 437
1 276
8 232
62 76
128 112
505 237
571 581
277 278
424 161
344 630
399 504
319 677
299 483
257 201
521 145
562 512
4 687
376 127
293 502
295 36
179 443
442 287
398 537
336 303
70 267
455 373
179 478
327 310
508 403
58 572
247 320
84 289
266 206
96 105
112 71
115 150
553 705
351 250
406 374
672 93
370 380
220 265
89 153
167 331
602 540
384 357
459 436
27 178
693 71
374 219
458 9
288 289
611 81
544 634
670 119
562 620
360 412
703 104
371 552
622 321
667 169
94 14
529 610
637 613
210 502
237 476
232 144
545 460
428 486
539 339
56 186
516 82
580 702
363 248
79 322
245 127
13 62
23 555
364 208
75 241
308 595
431 369
393 64
196 38
5 638
393 136
515 363
664 672
581 598
212 116
87 289
372 246
310 126
108 461
163 562
83 673
444 72
181 424
134 683
240 455
540 149
336 400
114 590
509 441
368 510
323 445
43 647
532 178
687 643
666 467
120 119
481 479
399 666
464 66
41 552
140 166
434 671
201 522
121 388
463 91
30 608
333 283
415 486
610 287
216 199
147 189
399 692
370 127
7 123
15 638
178 621
472 236
589 439
62 67
18 705
262 186
219 158
94 155
525 436
178 338
361 5
686 294
228 274
71 453
40 626
82 118
375 74
585 324
106 325
423 326
371 412
667 297
103 569
117 302
281 325
250 660
679 704
362 57
661 341
122 302
364 459
635 374
534 554
312 58
223 430
178 383
594 494
136 294
638 669
64 435
414 341
457 17
42 664
535 434
598 553
689 459
157 705
413 433
456 101
7 233
115 619
463 270
75 338
564 303
459 240
95 411
541 83
334 66
178 650
201 484
586 297
195 601
216 228
117 511
290 649
308 645
261 366
703 487
652 381
426 321
183 491
37 79
125 116
354 605
167 676
662 189
301 364
530 421
261 680
273 128
309 143
429 506
580 675
28 583
591 692
20 559
339 652
498 701
667 666
319 16
307 215
81 479
651 441
256 214
190 606
107 507
552 459
639 336
613 547
354 215
423 1
99 424
166 635
409 618
704 537
676 626
436 664
530 345
593 521
451 55
165 480
1 147
33 75
471 599
268 149
353 677
504 340
319 654
370 121
180 230
677 180
649 44
590 543
272 335
459 704
459 501
77 129
425 14
496 29
53 660
631 490
469 666
612 16
546 107
282 225
540 439
393 461
64 261
157 634
303 624
395 328
447 228
82 502
541 698
393 433
605 102
113 664
82 321
183 201
652 251
471 468
542 431
521 239
368 477
154 619
81 352
548 242
201 536
392 86
434 32
647 465
540 441
355 307
399 521
159 112
408 451
372 343
317 349
334 598
638 665
698 674
280 389
552 529
571 318
401 370
566 448
303 399
523 519
547 176
24 6
232 429
81 635
147 38
302 374
414 233
340 191
32 180
194 346
389 556
336 372
487 656
619 19
441 82
163 572
399 391
592 264
291 612
489 705
303 31
333 348
405 672
448 377
327 92
300 547
306 503
1 148
579 237
460 691
452 173
114 164
234 237
473 698
362 518
465 119
67 263
414 699
54 308
217 677
323 271
54 626
50 617
249 669
69 46
12 125
61 589
549 515
228 129
656 232
700 519
54 542
127 20
422 67
73 108
327 635
54 362
400 421
160 435
565 240
170 514
243 188
323 490
354 598
315 394
414 607
636 511
225 538
191 632
705 483
272 547
556 151
427 484
110 647
350 577
654 235
560 289
655 120
48 305
146 370
61 47
4 78
659 452
282 624
495 507
112 328
612 138
24 504
529 449
180 404
684 157
337 503
307 578
21 231
105 113
107 677
135 223
327 387
576 82
449 623
85 362
370 194
163 474
172 29
561 470
428 497
193 372
427 197
564 366
285 115
279 579
349 403
441 552
324 45
615 186
402 74
296 609
531 119
547 186
72 588
178 676
175 235
48 406
550 147
681 475
97 99
677 354
68 325
446 652
27 25
275 285
173 665
347 220
561 177
290 583
365 395
701 178
582 637
266 642
648 228
438 163
62 449
344 221
600 198
56 132
128 62
69 502
460 386
248 456
124 127
590 557
668 209
357 182
182 311
566 202
467 186
316 677
138 475
257 540
284 313
530 222
614 514
215 28
438 303
84 394
651 420
197 289
466 68
231 512
463 485
374 669
584 136
215 419
12 500
519 607
603 109
619 128
705 10
642 49
618 407
676 399
54 254
13 513
221 477
520 50
156 211
447 141
696 169
277 691
422 255
205 269
237 302
536 192
486 520
287 330
320 139
119 328
409 182
22 255
34 697
664 342
286 370
71 171
423 180
556 340
558 691
309 459
30 332
685 395
180 493
648 367
260 242
705 541
495 644
406 663
350 218
116 458
354 697
131 24
229 652
253 443
529 170
314 246
403 390
232 308
472 676
676 37
26 504
421 304
51 178
575 16
60 423
213 31
378 252
35 366
544 397
115 385
284 595
190 3
568 648
80 286
194 23
450 363
541 98
553 447
454 384
370 468
584 103
376 533
548 511
378 501
137 16
357 332
687 642
552 668
597 333
585 541
8 601
298 501
447 65
49 641
687 652
502 414
70 60
74 382
654 133
445 640
124 443
250 548
323 609
650 603
186 628
344 162
88 590
552 409
648 440
136 227
111 405
92 244
705 265
85 527
14 241
618 503
231 616
477 249
596 354
198 99
417 2
480 682
390 580
354 410
247 511
11 423
130 303
250 482
64 116
60 570
604 147
688 152
146 187
537 567
374 265
83 165
564 627
171 224
308 358
548 678
359 186
29 211
5 515
563 143
290 625
646 344
323 107
95 255
564 258
86 327
700 200
486 327
604 528
134 23
488 698
462 360
168 170
128 470
41 259
245 375
222 633
147 218
429 574
432 447
438 190
403 666
463 72
85 492
219 694
226 364
116 203
24 39
540 417
410 29
348 499
207 164
644 329
416 635
524 676
36 470
554 110
269 691
457 523
28 174
545 436
72 143
424 436
695 464
238 15
407 592
418 643
469 356
349 59
281 163
564 543
526 176
277 153
439 671
223 422
581 185
344 52
213 566
697 675
379 271
399 63
438 370
251 690
688 381
267 658
135 243
495 551
35 142
374 451
470 687
549 100
587 573
214 462
365 90
217 204
629 128
512 657
396 321
242 292
497 517
184 250
394 197
355 177
174 385
329 88
62 48
109 354
389 112
91 286
18 138
267 303
221 152
52 368
296 265
388 184
265 367
229 236
61 176
78 128
52 256
232 324
274 233
45 259
143 269
178 45
246 305
147 1
75 367
155 381
306 154
135 75
207 115
63 375
77 338
37 14
173 168
141 245
118 81
182 229
227 274
113 365
222 299
134 264
211 86
237 143
183 384
364 128
350 117
217 109
261 9
222 51
124 49
11 148
394 118
152 117
8 164
53 39
6 88
27 36
212 108
89 341
258 288
198 107
137 187
179 120
23 70
88 9
203 316
7 89
62 346
239 66
76 382
142 264
256 274
174 257
24 372
273 213
252 22
174 5
308 31
305 258
3 138
75 117
185 341
12 322
46 94
129 84
52 205
164 72
36 388
260 330
32 375
338 272
288 346
335 336
66 288
38 188
99 42
71 207
4 65
308 77
7 389
382 383
246 214
88 164
192 184
264 59
249 54
192 230
393 373
215 117
159 370
215 194
181 264
109 293
229 55
175 258
109 172
204 389
207 141
373 353
209 69
387 33
285 78
204 268
91 258
20 127
2 98
215 276
263 102
79 317
187 117
293 117
4 108
274 79
117 269
170 348
16 7
240 91
220 343
302 276
325 353
365 251
207 244
92 330
158 316
218 30
393 381
152 388
340 169
169 288
136 75
373 165
224 274
43 289
309 213
45 281
70 270
268 123
104 130
358 235
321 207
199 188
88 121
375 4
290 223
179 44
311 68
13 95
382 21
107 275
160 269
329 13
242 10
345 40
199 356
362 81
189 207
103 344
225 208
198 167
201 324
42 109
106 179
17 71
322 357
258 67
339 67
359 138
198 320
314 10
287 242
390 82
267 266
98 283
228 246
308 116
372 392
148 279
139 90
310 219
161 366
163 305
84 363
45 278
69 253
124 118
207 324
59 229
351 324
380 7
68 175
309 301
156 277
274 47
229 47
153 96
371 100
25 6
281 39
294 330
126 90
235 1
316 336
380 369
136 260
254 204
202 5
14 141
35 292
318 154
291 49
56 140
113 15
354 241
370 371
310 33
87 213
195 161
114 179
186 11
391 329
209 130
316 359
315 161
150 184
216 208
7 393
114 111
215 345
274 376
289 332
300 56
298 86
298 80
174 389
374 161
312 52
58 220
269 365
319 111
141 50
29 161
234 218
67 64
47 309
237 85
10 94
149 354
358 248
137 93
72 166
75 277
100 180
349 50
158 219
56 386
271 294
376 209
313 98
219 154
346 133
350 57
51 258
309 196
365 357
34 250
51 105
145 83
358 269
347 153
293 352
89 342
220 365
364 97
74 243
183 204
328 212
307 9
140 210
389 170
24 327
10 117
218 256
70 334
7 191
128 305
250 333
98 269
338 297
190 329
310 162
88 41
56 163
269 114
132 102
110 215
206 131
191 101
261 344
128 389
323 294
56 263
50 247
337 355
76 388
342 280
164 211
254 119
269 124
389 84
54 238
379 229
126 308
20 260
79 4
10 146
5 60
196 278
171 326
151 184
293 295
303 209
284 24
74 393
338 117
28 347
256 161
258 100
111 262
292 329
326 175
148 194
326 331
195 360
193 176
227 157
310 289
389 141
378 144
354 255
131 66
125 113
256 305
217 238
149 304
285 2
194 197
204 223
334 388
321 361
225 100
145 113
10 158
215 193
376 82
378 227
238 231
107 24
377 215
232 26
242 188
172 96
288 337
226 317
164 117
333 100
122 141
393 282
112 19
24 219
364 22
200 388
30 73
229 168
274 137
81 253
108 53
177 226
54 258
100 226
71 121
197 122
194 164
150 14
5 67
13 33
193 236
68 28
203 105
174 218
172 223
48 192
47 270
211 161
104 242
122 144
237 234
154 244
270 212
32 250
17 226
5 131
12 160
248 265
176 210
50 163
29 31
131 200
232 120
126 40
161 70
123 82
149 84
70 94
119 173
157 190
121 196
236 182
145 117
97 15
126 88
62 15
33 246
192 105
129 18
260 191
81 159
123 259
197 206
78 274
164 21
135 12
234 135
148 12
140 50
35 113
225 220
118 220
61 67
160 57
24 150
6 161
207 222
109 185
42 26
270 96
132 16
258 121
31 220
84 271
37 158
4 217
240 226
262 65
158 211
217 152
243 121
167 210
24 80
242 103
143 202
230 150
86 248
60 217
207 15
3 169
263 23
50 17
4 267
105 115
153 43
178 252
260 38
121 238
186 198
208 168
241 135
174 24
205 255
2 190
69 34
244 81
89 254
234 104
113 37
49 228
9 162
154 26
41 10
46 195
230 133
174 28
84 77
164 114
206 234
4 150
107 256
135 101
219 157
259 161
209 157
75 248
229 86
79 49
223 255
157 17
33 145
238 98
101 55
160 102
51 69
116 130
89 17
180 157
124 268
169 267
84 140
271 183
223 121
208 129
217 90
272 120
52 226
136 167
201 128
273 43
137 79
157 243
126 27
212 170
69 38
201 145
64 196
71 262
126 56
21 141
10 96
99 174
184 217
32 107
274 230
233 94
45 31
4 172
63 191
167 27
207 273
19 88
106 83
237 204
80 232
137 105
22 127
87 123
215 80
129 226
266 237
253 139
125 41
69 131
224 74
59 54
242 195
231 229
129 127
1 41
209 165
36 50
7 105
30 6
145 112
73 31
227 10
44 258
81 145
207 150
245 159
112 9
131 58
207 20
96 50
93 186
105 164
25 169
269 204
185 89
11 187
113 199
236 104
130 20
273 261
137 172
176 221
26 92
62 214
16 190
41 216
251 187
18 146
104 91
161 17
259 181
213 212
90 156
14 235
259 268
85 84
23 264
172 75
116 110
226 27
180 95
131 80
125 138
140 104
205 239
249 58
88 39
111 256
226 155
234 225
229 188
173 127
252 10
32 60
147 169
142 79
257 102
108 174
95 171
145 23
134 255
161 72
247 106
125 66
83 242
60 11
116 175
189 269
27 143
145 4
166 226
93 96
74 43
76 85
157 151
8 70
273 179
122 122
58 5
112 51
92 24
5 34
103 74
57 23
94 96
98 76
92 61
81 45
14 49
82 34
86 29
67 11
100 38
71 55
42 87
88 59
85 100
29 39
16 62
52 78
31 35
48 7
29 25
17 30
89 1
29 114
45 104
69 95
17 11
104 91
46 39
56 52
68 48
98 90
8 101
106 86
122 97
96 15
12 15
49 18
74 122
96 116
77 41
97 14
107 4
99 59
21 29
98 28
29 59
19 20
115 76
90 3
105 55
73 49
45 70
107 13
40 41
60 68
27 5
21 84
60 109
35 119
85 60
79 85
65 97
92 63
76 93
65 113
83 60
85 1
111 55
32 60
14 120
48 42
35 53
60 35
111 29
10 52
59 66
16 101
58 93
68 122
15 68
41 60
56 54
109 37
76 114
22 28
92 51
48 50
66 2
117 104
106 80
121 106
20 99
107 93
9 117
107 95
1 36
31 72
109 11
122 102
25 118
108 85
17 26
14 47
101 110
43 82
52 106
111 63
96 45
75 32
64 90
6 52
39 101
45 23
23 33
44 48
76 68
