8
897 361
497 744
846 267
231 536
641 780
420 54
85 84
895 270
745 588
741 778
624 453
790 433
608 370
75 269
97 500
485 492
326 36
429 731
355 859
824 831
35 223
833 242
99 390
660 229
14 435
69 606
626 255
810 633
644 207
299 769
307 4
625 682
224 245
738 74
554 889
691 78
620 504
716 285
331 725
813 138
674 811
41 348
599 336
768 607
171 34
703 850
869 117
125 760
800 593
68 610
40 867
537 434
468 338
240 17
368 707
779 761
363 816
548 135
154 439
502 662
115 450
335 830
733 456
710 140
428 758
440 198
558 300
775 50
896 741
627 585
290 165
808 618
811 73
73 456
738 214
82 216
275 442
880 848
642 413
633 637
339 895
252 775
99 393
267 166
596 60
325 260
518 137
236 245
328 10
233 567
71 541
831 793
250 396
114 721
877 312
437 73
85 24
320 462
109 490
3 507
703 128
595 851
248 577
410 172
206 526
354 584
435 360
886 140
64 854
613 698
387 308
136 650
438 601
773 157
795 521
894 540
589 456
6 70
545 420
164 391
44 368
783 638
810 669
768 143
112 73
72 632
723 490
854 526
623 78
454 525
94 201
688 708
724 526
242 565
791 581
547 392
715 283
778 8
395 239
56 225
375 793
539 858
785 536
594 331
823 276
676 758
822 292
311 139
734 445
194 167
194 225
256 858
66 589
424 509
137 86
555 686
777 433
618 374
1 858
895 770
827 505
253 460
764 416
505 163
876 341
797 240
740 164
701 283
308 67
830 56
466 239
729 668
192 13
667 149
65 366
513 307
135 356
75 327
573 425
192 646
896 391
629 15
503 630
85 528
125 407
825 4
822 170
195 716
521 641
269 151
290 248
156 210
838 873
226 283
183 671
135 257
434 490
194 653
290 678
633 755
437 369
633 62
508 96
853 181
560 858
568 42
170 188
693 677
271 634
589 816
367 513
893 431
895 211
815 889
235 738
577 876
765 483
73 641
779 798
21 729
811 569
643 399
255 616
761 342
403 71
305 287
776 359
557 117
586 497
245 76
428 64
433 128
348 496
246 517
520 311
155 243
641 555
78 264
846 715
307 618
504 274
145 430
626 38
107 513
685 170
498 271
606 37
464 418
667 817
527 735
858 466
662 836
711 173
505 801
526 640
436 151
194 104
294 799
238 486
513 842
340 460
154 657
279 84
524 18
39 794
398 633
869 65
758 100
749 865
870 511
204 752
266 756
890 651
287 682
860 262
741 154
739 116
818 543
888 258
16 618
179 537
59 585
259 132
518 815
300 537
534 232
187 329
511 182
897 337
263 456
111 154
377 512
102 249
159 362
850 230
847 389
782 143
396 384
483 568
75 284
643 564
290 639
621 646
326 477
577 710
560 219
474 659
780 515
742 589
232 66
823 43
682 434
168 735
421 688
126 432
526 635
25 197
45 540
763 518
210 174
629 312
391 617
287 184
359 837
128 453
106 634
229 699
535 387
678 296
583 279
817 136
125 171
373 597
862 411
763 812
794 475
90 352
480 537
867 705
116 325
573 782
375 5
220 27
657 605
177 850
586 332
741 431
176 718
537 846
872 117
26 523
342 189
89 264
248 67
373 758
195 478
313 542
761 63
777 83
578 817
63 727
745 193
403 63
767 732
783 680
99 849
87 618
770 426
809 222
561 444
216 442
863 755
522 831
181 488
171 698
95 133
692 447
321 47
617 93
487 851
212 476
147 316
405 560
696 792
306 591
450 479
360 318
303 416
456 518
291 272
786 542
381 425
202 858
615 229
160 442
335 186
91 155
222 715
220 320
229 326
536 429
245 840
456 428
43 300
609 381
673 55
239 75
145 216
401 469
772 414
741 425
354 425
410 551
558 298
35 304
288 537
174 661
819 741
789 263
860 54
575 676
737 111
158 623
634 482
481 892
739 525
452 378
79 238
812 102
237 834
831 463
652 894
193 538
833 322
663 244
783 830
348 147
839 717
198 200
613 227
9 181
286 191
209 829
149 376
230 162
645 606
409 828
124 159
432 617
28 369
177 593
785 53
867 23
514 2
755 592
603 91
806 896
715 35
217 802
434 77
622 360
885 490
667 647
694 695
290 513
572 868
22 456
173 295
229 434
438 139
81 536
319 798
784 48
46 784
625 726
154 178
456 425
589 155
156 346
766 25
48 665
330 36
40 507
499 854
747 222
470 348
684 277
102 890
733 103
445 90
556 363
644 121
448 856
606 176
570 416
137 380
447 217
56 105
478 305
465 384
559 212
190 221
11 616
630 78
154 382
353 486
836 845
740 306
685 741
7 789
269 642
65 101
756 804
793 19
593 196
753 56
791 221
568 649
265 789
35 396
556 372
791 130
119 7
728 27
646 377
64 818
576 484
722 678
309 400
334 14
632 617
660 351
531 396
121 695
793 697
77 443
509 704
262 315
44 741
611 505
854 796
147 501
658 92
317 288
472 482
142 480
390 169
625 619
883 772
203 327
857 678
72 766
263 358
68 589
631 505
875 406
704 127
51 555
513 247
297 571
100 862
67 221
99 252
52 772
353 175
154 684
792 756
536 831
817 542
462 542
631 542
758 495
461 790
225 523
533 881
476 832
67 385
518 683
157 893
793 314
729 841
625 700
290 225
730 344
803 642
452 150
293 254
690 763
897 852
734 183
222 216
767 891
450 697
4 141
120 861
48 771
32 583
276 562
743 808
746 526
246 514
365 34
458 135
602 406
33 118
271 888
636 571
786 148
564 199
889 689
693 586
865 736
445 456
358 48
424 261
218 758
212 781
70 522
56 837
278 422
424 291
290 537
840 523
831 623
552 210
580 379
758 762
831 402
664 579
243 750
540 469
705 180
94 114
634 523
18 631
568 154
163 847
303 716
61 665
617 703
738 361
474 537
86 813
740 238
767 585
556 663
331 583
589 434
129 526
670 180
118 644
416 702
338 783
122 435
261 259
874 525
829 435
420 358
544 79
68 590
154 574
213 63
843 167
855 732
491 664
121 861
181 682
563 463
821 571
425 817
546 146
364 536
383 629
463 529
324 366
357 568
684 757
371 126
322 617
430 323
446 262
672 717
114 283
128 508
621 241
706 66
547 322
404 135
341 614
464 542
203 281
48 666
459 29
468 273
467 70
800 280
840 693
863 572
376 720
279 882
826 848
388 1
20 193
519 703
878 43
655 837
95 466
492 432
893 153
793 329
302 154
217 870
449 579
852 441
863 880
152 240
452 412
381 397
459 420
631 887
300 794
391 494
98 560
582 252
656 282
286 215
841 91
170 510
116 290
134 434
892 339
766 561
34 504
736 311
343 210
412 363
399 455
291 506
108 308
549 829
832 715
156 423
668 31
471 91
2 763
787 483
37 254
670 550
399 336
866 351
255 333
310 695
301 616
171 713
684 240
420 672
347 878
456 400
820 275
769 424
491 14
213 349
147 161
460 646
261 391
386 863
192 759
350 420
705 225
12 751
451 513
833 419
629 457
576 262
538 262
600 67
417 64
803 530
634 652
772 587
681 431
493 62
848 687
805 713
192 604
177 282
629 867
445 421
269 97
616 846
739 643
71 772
721 88
577 289
770 817
398 123
158 774
159 447
225 12
198 329
80 842
577 633
682 30
71 682
838 73
205 274
533 442
612 818
65 871
846 447
783 168
153 754
348 523
654 168
551 181
131 216
225 897
321 14
861 14
233 735
732 648
425 37
660 799
595 596
674 712
789 379
415 630
49 430
636 173
338 719
897 208
91 566
696 370
113 732
286 758
698 807
589 623
628 590
885 355
92 605
864 73
225 328
857 58
775 758
408 896
678 406
806 346
291 836
770 345
56 679
394 737
861 513
171 703
678 409
625 748
748 516
234 268
434 596
709 305
460 792
623 237
185 148
364 110
135 852
248 489
425 204
788 706
113 48
676 278
442 427
448 445
844 798
113 673
144 578
553 135
546 784
785 675
551 268
532 889
867 884
251 832
738 705
228 866
896 571
170 598
466 229
646 835
714 865
157 730
491 57
879 468
473 237
814 159
646 434
139 425
331 631
65 632
141 141
32 112
26 138
109 73
81 26
101 137
103 44
124 92
38 12
32 58
61 94
11 41
30 71
108 59
72 130
14 76
82 88
75 35
105 99
45 41
108 117
125 69
3 101
24 74
108 34
17 20
33 64
128 140
129 73
105 92
43 89
141 139
3 37
28 101
107 123
54 94
23 88
109 25
107 80
32 26
101 29
5 16
88 67
92 14
131 77
105 36
21 58
43 46
124 126
103 32
36 15
70 44
89 133
22 79
8 88
45 58
119 86
94 100
114 69
93 130
124 96
79 72
108 133
5 109
83 60
104 115
72 42
19 17
124 25
53 109
86 100
103 43
13 5
38 32
31 133
60 66
95 51
104 49
88 110
103 50
84 90
134 24
105 66
65 79
139 131
56 132
22 85
103 54
102 112
55 57
84 73
97 135
16 47
121 14
101 113
7 88
132 68
27 84
97 18
106 91
74 6
59 39
31 52
55 43
3 120
101 75
113 139
131 127
94 4
9 101
1 44
78 113
63 58
135 22
113 17
122 42
136 47
115 23
89 24
79 58
125 33
107 131
79 48
43 92
106 44
42 69
99 87
88 22
94 71
2 86
53 56
128 96
45 116
51 66
98 66
10 119
44 62
111 99
132 118
40 108
101 103
171 171
98 56
88 78
101 88
76 145
129 71
42 67
148 23
9 139
64 120
21 113
38 102
169 117
156 168
99 89
77 80
150 122
142 12
119 171
117 37
23 111
88 148
46 90
90 132
29 44
44 131
96 28
26 123
31 30
157 1
33 48
164 33
120 71
96 81
144 83
23 72
16 41
65 82
108 90
118 90
115 67
63 114
84 155
111 105
27 131
111 161
152 29
162 118
79 101
151 62
126 158
98 67
104 129
112 160
46 5
131 105
142 53
8 48
75 112
137 155
3 80
25 82
99 83
74 85
67 48
142 80
35 120
129 25
88 40
122 134
80 71
19 4
82 150
171 4
54 83
168 2
91 95
137 124
167 116
30 10
76 9
6 4
88 170
156 17
69 114
32 14
168 24
140 155
82 59
9 94
93 104
32 20
23 15
18 105
112 138
89 141
153 158
110 30
44 154
49 39
91 124
148 30
48 80
61 87
158 116
76 29
101 136
32 105
12 92
74 26
99 71
87 80
103 1
152 1
121 147
111 97
57 128
142 52
48 69
111 26
166 12
158 73
23 47
155 163
143 155
169 121
87 149
23 169
150 55
49 6
155 51
130 80
38 44
146 24
74 106
87 66
13 43
159 170
155 85
34 52
11 116
138 154
101 7
14 22
87 5
154 168
44 158
103 113
70 148
133 83
86 64
65 16
60 18
36 66
123 58
152 151
57 111
114 109
146 107
43 154
118 45
165 72
171 83
127 73
44 71
83 28
116 100
68 65
125 83
135 154
50 73
518 518
73 159
284 353
346 168
488 436
339 187
95 313
136 268
333 447
209 2
517 51
225 288
109 515
368 385
268 351
244 335
68 502
74 406
495 476
322 49
228 3
97 415
167 366
191 473
388 268
168 24
105 343
410 69
177 225
28 276
221 267
166 329
250 268
334 516
286 56
414 282
130 221
169 20
225 23
35 287
20 396
493 268
399 262
228 58
172 224
484 127
20 426
303 278
266 345
339 412
345 170
395 225
39 346
268 393
457 512
422 165
65 301
94 62
265 273
251 378
256 208
97 261
230 136
318 122
147 468
473 174
85 143
31 150
278 235
352 464
444 52
41 112
60 313
482 446
79 183
286 469
92 364
259 310
453 343
28 257
372 79
470 239
26 201
285 136
502 133
127 37
229 410
347 109
225 516
164 268
404 483
505 16
507 246
182 494
406 338
275 88
345 231
430 127
227 254
487 164
263 277
518 97
232 375
491 142
76 164
178 482
165 42
58 340
396 57
47 67
404 221
427 443
269 327
516 360
259 361
221 88
101 408
20 448
22 75
314 126
194 135
246 392
198 16
362 299
357 404
271 114
446 493
438 153
43 387
40 457
123 313
479 57
21 111
501 343
147 286
397 473
144 216
357 474
409 55
255 209
151 93
253 282
410 40
414 349
286 342
181 296
139 98
384 283
415 7
384 104
279 257
391 136
280 172
238 41
199 314
321 235
179 136
223 81
403 404
381 278
368 91
366 137
188 141
484 215
435 176
160 194
299 343
267 430
107 47
104 48
58 129
344 294
28 291
244 305
265 120
131 373
450 408
337 50
314 393
302 15
36 389
153 318
341 320
223 98
222 255
369 470
438 411
143 98
339 140
374 206
1 409
197 479
403 356
88 317
263 302
235 160
164 108
277 218
424 74
434 134
345 398
14 20
357 168
272 100
244 175
345 444
360 427
302 203
205 241
13 102
501 255
430 462
163 411
506 19
295 405
452 73
303 5
365 399
247 348
93 472
233 251
417 423
300 465
68 512
194 331
424 111
222 377
195 328
413 433
348 66
381 307
260 333
509 313
400 501
25 397
478 311
431 245
360 38
315 414
134 192
256 56
309 294
333 107
77 313
383 258
357 86
242 259
498 414
475 143
489 461
259 499
404 244
383 492
34 476
482 376
329 221
322 437
461 438
337 128
83 316
306 430
310 351
438 308
358 99
147 364
503 362
120 113
335 247
512 207
164 332
244 405
17 481
440 4
88 324
508 449
452 399
508 339
416 388
417 221
274 501
103 263
390 359
219 101
389 382
84 130
181 286
46 94
225 460
24 186
461 87
95 258
195 102
83 269
297 490
161 58
220 153
306 214
49 403
90 419
252 89
61 422
38 471
476 196
59 217
388 472
8 75
33 145
102 402
486 342
74 293
163 325
446 434
44 109
458 135
422 35
248 501
211 506
345 270
189 425
485 54
501 407
104 268
198 158
465 185
263 442
236 336
28 515
27 211
278 419
118 94
193 283
282 384
497 505
286 146
78 186
465 488
117 248
401 390
6 480
156 301
145 245
290 512
31 58
29 153
79 289
501 95
105 155
385 416
257 393
220 64
58 268
115 234
500 54
251 351
124 237
180 132
463 460
366 360
473 142
493 263
153 173
155 249
104 124
433 421
335 265
94 486
286 435
58 478
440 127
432 454
243 254
9 293
286 455
11 403
80 515
264 228
149 74
98 70
307 217
180 371
330 140
82 163
271 445
355 107
439 136
432 281
17 195
403 22
405 284
367 421
495 459
241 190
379 333
420 3
444 68
425 6
213 286
232 370
190 145
512 235
80 182
1 146
507 45
257 354
298 329
257 477
376 30
145 425
7 357
228 106
429 267
265 121
263 209
84 72
486 450
341 222
192 301
355 292
373 472
323 10
63 305
451 328
138 119
43 6
493 360
369 20
204 357
422 202
74 120
102 347
98 297
374 152
434 68
51 277
501 464
210 172
456 297
262 18
312 50
269 173
329 496
59 240
450 446
181 344
157 161
79 283
171 355
452 245
80 98
88 389
432 319
421 95
68 10
366 504
200 88
374 446
45 460
495 162
339 418
339 188
68 107
119 115
345 397
164 110
66 319
245 446
116 72
501 445
302 172
254 255
514 450
404 268
31 115
428 281
212 152
380 50
89 263
198 326
351 202
104 29
12 100
100 143
326 393
188 99
71 64
268 506
164 510
297 304
180 41
153 350
336 216
375 134
465 154
474 188
123 20
297 32
486 459
363 275
226 374
513 334
148 401
1 41
221 96
466 504
216 211
327 53
110 26
184 230
50 482
102 54
424 511
136 386
394 502
441 134
125 393
55 401
474 467
436 161
472 105
424 236
149 361
79 10
31 409
303 111
92 303
328 181
211 405
7 37
16 57
346 323
206 325
112 412
306 52
46 427
377 54
251 440
11 395
118 347
449 187
262 23
219 13
239 310
298 431
54 384
342 215
63 411
24 239
266 17
271 323
450 71
267 109
221 320
71 378
286 108
423 459
443 328
410 236
99 349
77 27
402 259
47 77
323 66
342 106
399 13
460 430
91 442
398 35
218 59
426 284
23 147
437 15
53 11
428 209
446 77
242 148
418 332
431 50
173 421
323 238
157 266
34 43
361 314
230 42
239 101
317 248
88 469
5 25
418 382
302 4
21 77
356 129
397 338
348 226
178 123
391 171
234 41
203 113
94 180
268 190
210 283
16 429
376 262
116 109
455 136
444 105
286 208
99 211
348 437
210 51
45 145
325 82
237 402
33 418
306 172
372 209
89 183
438 89
296 240
192 455
462 54
329 414
70 438
250 11
49 54
81 310
143 268
216 418
450 111
20 106
296 241
144 275
244 65
343 104
435 202
449 168
91 150
366 372
449 351
205 174
251 194
41 458
217 325
154 270
305 62
91 197
25 465
152 106
226 389
195 443
69 272
362 66
381 147
129 316
185 122
464 332
201 370
33 367
7 128
409 348
443 53
193 140
277 221
303 394
200 250
171 359
354 211
170 312
67 371
399 170
339 281
16 7
463 363
418 369
419 344
331 184
273 335
166 345
425 252
395 38
371 387
248 402
20 466
91 77
340 310
66 461
434 112
406 243
201 48
323 348
396 422
321 23
330 14
160 12
303 86
102 443
440 60
313 93
286 275
226 393
204 178
90 362
123 319
268 91
103 56
307 135
280 249
395 120
189 431
384 343
16 333
226 178
196 348
155 424
236 295
352 169
245 257
196 46
410 171
276 373
233 280
365 441
119 456
142 368
318 264
92 32
332 65
185 105
334 157
167 24
206 186
273 205
246 205
384 341
151 222
41 223
322 18
58 401
114 387
273 188
188 134
187 228
26 237
441 113
348 5
352 297
37 414
380 165
209 271
292 116
201 443
9 98
124 363
25 213
94 54
285 461
91 458
161 447
217 390
467 111
279 194
455 52
118 229
468 368
288 196
470 186
461 301
10 184
31 191
421 433
158 392
445 74
412 50
293 393
151 388
203 410
419 40
259 310
300 332
309 373
1 327
308 195
379 82
360 85
77 316
191 212
241 432
236 232
348 91
416 38
103 328
324 294
159 211
75 87
63 303
54 53
134 80
199 96
418 323
39 195
12 91
371 7
225 384
151 261
417 324
125 22
199 251
2 158
106 242
282 447
278 116
289 80
299 236
185 59
267 447
465 224
431 45
310 77
146 172
437 314
236 19
255 378
85 158
373 471
460 323
274 214
23 337
125 163
461 438
348 68
346 179
363 326
104 258
257 71
410 373
358 452
111 137
290 412
211 353
296 345
171 28
73 374
247 121
303 472
239 126
265 448
156 3
11 23
272 351
175 151
245 457
166 323
166 227
435 20
311 20
120 422
420 386
256 305
373 287
200 408
250 61
269 350
271 257
111 275
111 302
72 261
211 325
176 73
351 182
226 85
303 374
285 214
170 442
127 357
351 382
320 236
264 74
449 131
373 10
415 310
345 95
125 225
303 75
256 102
166 98
373 29
436 253
284 348
14 425
308 364
210 437
264 298
263 138
469 158
110 412
373 448
350 84
295 30
97 120
443 226
229 76
1 205
36 455
261 178
431 133
306 436
243 316
142 119
394 154
336 263
375 14
328 397
266 55
84 435
210 105
311 451
42 84
57 43
284 410
107 204
66 84
338 439
109 328
336 117
313 142
348 14
236 306
171 380
354 346
264 260
255 153
313 118
339 164
295 17
454 283
83 47
78 211
145 139
3 374
325 304
336 250
352 393
315 94
409 37
235 363
291 55
323 298
452 384
262 324
231 295
385 44
459 272
403 462
6 73
281 133
355 247
125 400
374 198
140 66
53 326
64 250
81 383
91 313
249 323
413 113
196 58
130 260
226 207
306 254
310 322
330 177
313 8
404 89
314 453
132 98
409 357
220 280
359 115
40 440
109 162
325 141
284 440
421 82
273 348
135 249
377 386
44 303
435 407
247 301
100 53
210 35
731 561
603 189
222 91
72 303
601 72
87 528
661 187
28 126
396 92
341 343
405 145
294 78
488 386
514 466
707 701
523 638
365 11
261 209
508 594
5 347
202 644
371 212
277 717
533 459
153 689
103 265
318 714
86 710
429 226
501 243
216 318
205 108
569 454
15 349
640 292
578 262
173 510
377 44
223 412
686 310
601 137
511 392
409 176
95 442
428 401
553 357
659 600
458 186
404 392
573 418
611 309
358 24
290 435
345 58
557 585
329 341
262 652
21 663
275 203
413 518
361 368
157 303
127 142
474 464
73 246
632 248
177 541
525 13
11 176
625 566
683 669
628 279
434 689
452 426
661 295
431 565
559 171
260 529
23 374
480 106
498 481
222 654
215 290
277 308
12 206
136 247
264 431
140 548
546 240
610 469
156 412
379 496
604 384
207 519
659 572
164 600
525 250
637 677
490 286
697 361
255 513
91 83
198 169
355 404
402 193
372 671
527 154
688 493
214 640
454 457
408 442
715 378
111 476
407 189
167 367
641 507
184 306
108 48
293 27
150 489
3 620
16 412
60 528
258 54
20 185
487 255
266 326
229 190
307 611
463 664
522 643
109 449
676 488
273 433
61 105
151 721
128 585
485 382
353 203
689 72
19 489
186 674
48 672
668 390
692 508
516 308
529 513
478 684
451 593
300 71
230 487
272 279
667 720
262 417
253 365
707 95
537 699
497 315
462 387
185 207
570 645
506 662
218 420
419 215
382 664
64 650
371 239
439 133
249 563
91 280
398 590
57 595
278 58
698 474
188 578
344 719
423 119
564 272
435 136
666 583
444 653
651 311
611 502
84 148
21 130
552 525
59 547
333 207
46 102
9 401
72 540
573 32
100 559
610 721
326 239
321 1
406 397
258 149
303 555
330 172
479 597
631 730
714 626
696 666
302 602
251 258
38 468
330 695
711 2
342 367
377 459
133 380
377 330
248 47
185 197
123 275
582 339
493 440
504 274
235 254
475 269
570 583
411 591
631 621
121 126
729 559
164 575
138 201
633 233
169 497
76 510
676 670
362 323
670 418
524 301
377 534
63 150
573 412
405 185
240 315
53 678
331 622
170 48
262 658
365 219
367 30
263 709
118 21
712 78
500 619
97 98
394 310
529 78
700 480
395 433
720 26
108 597
290 327
299 331
458 460
387 18
717 615
475 114
101 212
500 557
213 584
658 58
51 108
310 321
448 317
339 710
730 616
314 610
18 29
518 613
94 331
718 474
290 125
673 104
599 360
382 167
648 17
437 355
431 542
248 73
375 15
120 526
566 52
167 691
354 153
657 311
636 339
181 404
406 467
199 94
342 447
415 520
106 399
243 597
612 505
318 383
404 403
325 444
287 135
476 566
84 365
482 176
49 415
344 236
259 139
727 361
181 484
318 470
549 178
190 179
374 186
593 233
676 203
543 399
188 163
642 227
677 365
244 163
302 291
492 529
185 618
256 604
598 689
376 50
124 40
81 141
284 447
603 414
567 174
466 407
132 106
465 513
260 154
182 6
436 186
719 381
581 24
371 570
304 147
301 609
385 596
227 500
56 53
231 523
424 551
611 331
352 255
430 718
107 232
136 646
112 155
275 667
566 53
545 117
570 689
730 702
120 39
20 19
331 329
193 248
312 164
494 357
302 161
606 371
369 700
102 123
471 623
316 178
682 666
715 304
385 466
399 329
669 550
57 339
110 455
341 267
632 131
727 493
108 491
288 668
518 531
136 70
99 6
340 421
272 598
331 105
166 444
344 117
526 108
262 365
516 217
185 254
197 453
670 524
484 558
207 468
687 700
182 331
506 398
218 392
262 206
562 173
668 262
494 427
420 639
195 278
110 315
85 723
673 206
66 144
31 570
252 119
364 15
411 388
192 518
366 134
578 216
173 4
221 391
324 481
704 237
56 338
561 116
456 192
248 74
276 576
517 668
33 305
142 730
668 323
357 250
242 486
153 588
514 438
676 262
62 388
454 431
730 233
649 180
415 85
513 699
82 56
411 83
676 486
262 217
239 563
93 425
426 136
538 433
659 554
497 694
50 527
191 680
571 606
720 88
192 133
8 676
653 477
269 304
200 7
173 685
324 472
271 328
121 79
730 608
335 646
611 607
409 261
122 417
238 245
310 245
424 515
95 521
174 415
460 122
404 310
665 164
395 389
258 196
41 126
409 675
617 363
650 589
204 327
536 676
185 499
530 181
192 79
185 295
718 506
371 406
529 108
160 206
341 605
212 444
529 200
642 705
365 207
356 353
404 351
69 390
65 224
559 108
718 515
662 129
303 388
21 468
14 425
418 40
228 611
14 160
17 216
79 350
718 445
36 221
709 352
22 629
443 6
561 5
175 260
346 177
213 618
303 274
193 638
728 598
338 96
630 487
143 242
434 298
472 79
468 683
168 447
339 385
371 331
241 85
113 516
708 23
446 454
513 500
614 620
364 556
570 207
79 432
563 690
190 72
442 37
97 208
64 289
343 220
417 330
614 310
579 703
333 393
405 340
167 683
582 257
160 33
577 225
112 42
290 444
228 473
695 89
598 580
371 423
515 570
248 508
265 184
75 415
81 234
193 208
720 495
259 731
509 692
302 359
159 2
36 297
260 634
711 646
313 427
191 142
578 522
601 724
689 344
173 84
604 377
288 210
640 441
281 401
668 471
144 84
385 468
25 407
512 586
629 718
503 235
416 516
26 592
111 285
282 700
56 519
660 417
310 725
461 707
665 647
468 29
468 512
624 676
164 410
519 539
720 490
24 107
112 293
75 183
45 550
520 34
178 337
331 556
95 296
364 541
181 212
435 65
446 370
653 478
95 656
683 292
194 227
448 578
283 21
457 260
78 587
668 600
429 708
74 560
656 568
429 334
651 458
679 455
363 29
528 169
44 599
134 510
578 671
704 547
418 612
169 316
84 142
573 196
207 141
207 726
288 158
64 341
561 336
48 36
328 107
323 67
192 206
574 283
476 576
271 140
702 561
237 122
9 237
55 365
216 162
689 248
169 532
14 320
639 332
24 371
713 456
255 322
154 293
422 458
426 80
381 635
625 507
127 201
211 10
535 184
365 48
326 681
268 19
546 655
449 97
184 611
693 86
107 373
435 152
450 634
652 644
405 706
379 264
396 431
169 74
338 270
290 300
348 688
68 457
731 449
610 9
448 43
302 578
146 659
296 218
115 257
483 72
9 716
211 153
35 355
44 319
181 85
290 77
597 703
259 400
559 715
627 33
164 90
544 577
387 165
185 395
135 446
577 630
192 361
649 667
357 529
465 722
279 279
219 70
182 241
191 169
28 67
168 6
109 210
119 104
59 143
38 148
115 245
185 94
137 154
167 142
233 36
131 209
99 172
205 258
95 16
8 49
29 111
136 21
85 135
240 17
261 67
208 141
212 199
191 30
79 113
114 130
16 204
111 81
74 165
140 229
149 198
48 8
30 48
20 267
172 23
38 63
52 270
2 12
91 103
134 166
262 90
223 24
51 157
162 183
174 169
243 87
186 58
5 159
54 139
186 27
79 171
144 4
59 91
167 74
122 55
166 277
261 160
140 231
227 47
89 254
99 217
19 121
228 86
4 207
108 59
267 33
40 13
175 207
22 21
96 248
104 249
214 27
221 78
243 94
36 94
129 41
126 195
14 203
61 264
69 28
44 208
275 279
242 136
256 275
207 278
239 38
123 183
110 179
175 233
256 113
47 225
266 166
37 151
42 253
71 218
116 161
201 61
146 240
261 263
42 101
171 97
6 40
125 216
220 199
189 5
203 216
277 28
191 257
80 82
192 121
131 9
150 6
142 71
216 5
80 241
144 102
55 234
254 265
70 92
159 147
136 268
155 130
67 92
199 98
128 4
89 10
36 146
75 57
38 274
56 183
66 224
204 53
99 260
113 178
270 67
85 68
89 259
158 240
84 254
205 145
119 233
39 98
180 117
79 77
70 50
207 253
194 141
200 224
121 114
154 197
191 256
104 27
12 238
188 51
276 224
52 135
208 46
94 55
203 115
236 204
217 45
173 44
112 85
237 86
207 137
110 252
149 215
156 279
96 27
214 37
66 250
35 186
205 131
40 7
63 153
4 16
11 271
221 62
233 149
230 260
200 3
54 5
177 184
253 15
189 190
100 124
64 204
239 116
272 63
111 127
173 175
159 133
276 83
65 205
116 202
67 84
149 222
29 90
100 118
239 75
232 207
214 93
261 170
24 217
227 41
26 261
132 18
79 25
106 278
244 167
247 278
191 258
76 44
20 136
78 178
120 54
73 154
256 224
199 273
233 127
266 187
80 136
258 12
256 140
213 4
172 44
199 276
228 172
108 163
253 157
224 6
167 152
211 169
130 92
60 127
31 155
34 159
147 1
246 146
204 138
184 183
132 253
243 183
255 199
181 94
256 269
84 63
48 210
142 51
191 159
258 179
268 117
92 47
216 61
32 62
155 251
193 27
240 271
136 205
43 257
88 178
205 126
279 176
164 163
89 196
107 157
191 84
104 226
72 65
169 100
235 154
79 206
256 105
233 224
67 143
272 136
118 260
211 224
19 31
192 156
131 51
35 162
49 81
4 149
141 201
111 213
142 143
4 133
28 7
198 185
222 102
200 33
194 115
215 27
97 113
89 261
173 254
205 31
230 219
11 9
100 31
206 183
45 55
71 244
246 114
174 266
261 142
233 24
2 147
34 220
163 129
48 32
44 19
35 86
212 170
17 236
74 77
119 103
252 24
57 127
105 65
197 169
240 114
183 84
144 11
209 237
39 155
209 192
169 208
54 121
14 46
131 236
205 64
169 122
109 160
213 130
91 86
74 176
203 114
218 30
269 62
21 37
256 221
10 47
17 61
93 136
159 137
12 266
202 29
137 83
214 75
57 271
169 24
60 243
250 37
235 50
201 171
11 160
257 160
133 112
266 11
169 15
138 166
121 261
64 193
217 140
160 67
25 170
44 166
90 88
27 228
212 20
95 23
266 120
131 3
121 216
11 234
176 223
272 149
95 184
86 101
213 93
148 64
169 229
51 50
236 258
201 245
132 209
57 167
165 68
140 57
35 63
68 186
205 187
83 76
90 1
247 251
117 64
17 117
188 247
58 253
101 236
207 175
76 117
266 28
13 246
241 215
106 78
246 49
143 149
104 259
152 117
101 39
137 265
232 214
40 85
146 33
124 20
35 180
105 29
99 217
258 232
33 257
230 5
189 244
72 107
196 182
236 253
134 133
78 177
70 248
239 246
17 84
33 116
244 171
213 117
157 212
270 139
151 57
8 219
42 88
210 264
30 222
126 261
195 257
14 96
226 33
153 101
172 67
74 266
8 18
56 122
71 154
53 5
260 12
261 135
181 74
52 264
31 175
194 142
143 29
64 48
44 242
43 243
94 185
104 160
193 87
267 80
41 133
265 215
137 255
164 265
2 163
38 153
238 208
269 140
36 45
144 72
123 12
103 192
70 209
260 113
249 250
222 187
268 217
140 144
66 63
151 220
16 130
191 262
6 108
77 199
159 191
82 17
168 62
64 121
149 11
120 179
22 187
108 135
87 196
215 227
19 139
132 92
55 144
98 149
215 145
131 114
159 230
173 128
76 170
247 11
159 161
236 190
78 76
178 50
122 247
14 33
225 106
79 149
165 45
69 22
250 148
59 90
80 249
19 210
258 263
231 170
173 95
44 73
110 121
204 220
95 94
58 158
254 209
55 1
90 224
74 173
150 117
125 224
40 253
171 236
221 25
157 26
260 243
47 84
144 163
