4
595 119
365 375
261 71
264 230
476 8
324 108
580 567
252 446
108 384
257 376
47 479
273 60
348 169
403 336
111 233
189 418
447 81
214 577
87 226
175 472
579 432
436 133
398 315
333 266
293 400
289 8
94 382
423 574
189 91
467 465
82 437
180 482
390 148
417 346
113 1
104 267
286 208
395 562
473 458
171 527
120 192
22 91
388 15
385 60
61 498
419 394
357 592
175 380
468 58
112 35
82 11
445 115
145 111
405 27
525 82
97 459
448 297
473 35
536 383
351 252
306 322
30 401
33 412
54 141
191 520
106 394
593 432
155 453
437 242
188 52
425 125
108 482
161 571
436 342
559 105
219 416
320 248
485 383
475 392
438 519
2 78
532 587
164 411
312 279
574 327
430 166
312 511
386 201
494 174
457 251
419 398
201 250
203 499
57 54
124 296
361 249
314 72
168 577
25 232
25 186
555 493
263 286
443 572
319 76
515 145
95 579
494 580
373 434
544 3
66 244
107 168
595 242
39 532
331 198
84 507
258 336
205 183
171 301
115 230
308 300
372 84
503 532
250 420
140 249
239 97
376 131
468 593
348 518
510 482
306 166
5 589
585 255
246 206
23 195
511 437
184 178
290 337
547 41
490 143
340 329
282 85
241 341
325 338
413 31
12 222
424 562
545 311
588 572
526 246
348 455
503 565
80 581
579 221
161 540
223 553
348 536
120 389
362 283
216 368
159 82
368 252
559 454
201 252
532 175
455 323
486 489
364 344
45 42
421 501
203 234
58 64
180 478
226 211
44 202
497 86
327 516
274 566
376 160
531 437
256 214
132 591
55 144
158 562
104 83
518 407
593 81
203 253
136 534
284 249
515 41
352 483
167 269
148 568
184 557
448 101
77 410
291 216
55 446
321 250
135 298
162 27
309 37
463 588
393 254
472 495
411 249
335 382
302 405
497 21
415 311
466 90
538 146
388 170
223 369
513 111
536 113
389 273
162 270
304 48
283 8
594 420
46 313
172 403
550 551
477 550
500 538
454 134
226 381
128 530
489 8
218 456
139 150
460 508
329 509
250 396
375 394
403 453
60 308
22 72
103 230
178 79
363 137
233 361
92 70
161 74
280 324
198 156
37 28
110 435
195 450
33 593
41 572
531 93
414 439
193 103
156 99
583 293
593 240
90 575
567 212
480 541
170 534
379 246
352 283
588 287
561 148
207 453
82 26
296 537
127 357
65 145
376 453
51 458
15 275
517 421
190 473
352 188
263 330
431 372
250 170
523 464
58 390
11 570
536 435
31 103
562 482
195 178
482 522
326 397
77 270
452 580
117 343
118 235
419 564
482 539
43 480
591 156
164 274
559 98
587 554
83 114
573 14
560 118
457 538
476 328
340 249
320 491
240 449
129 297
14 272
9 176
538 22
357 439
505 115
276 59
422 525
430 377
197 497
277 434
97 60
154 156
435 590
512 104
40 474
31 167
149 254
553 249
294 451
243 391
496 443
461 158
430 427
18 238
260 288
79 409
384 177
548 96
82 97
572 521
94 481
408 497
231 119
38 494
556 282
428 34
249 128
159 210
422 228
379 6
196 486
366 374
124 298
56 532
252 96
270 82
431 153
542 439
538 4
366 411
530 364
520 215
80 25
7 82
593 45
25 444
66 365
441 157
349 450
354 292
145 226
593 205
294 440
489 367
199 352
179 594
138 472
16 595
351 285
387 549
479 455
569 182
340 350
105 122
249 331
141 299
8 100
3 577
436 35
139 41
4 439
377 301
209 158
564 492
457 249
358 346
50 320
549 201
61 437
311 457
62 169
260 103
462 547
359 198
432 394
88 254
455 353
541 576
170 114
402 17
457 484
245 489
243 346
48 10
356 314
97 397
516 339
430 29
394 399
432 137
411 123
316 230
230 94
529 137
341 511
230 403
426 213
237 377
381 114
234 94
361 428
291 404
167 470
307 128
442 48
478 213
401 419
478 294
552 291
230 393
318 535
49 113
89 126
157 327
3 94
69 562
469 198
121 345
170 460
471 258
53 112
113 524
457 200
61 40
509 278
194 505
218 382
152 480
25 11
578 141
142 200
559 445
282 461
8 436
487 342
63 348
330 555
318 331
586 289
41 180
247 371
181 526
422 355
502 423
113 406
536 437
272 271
128 574
92 376
20 98
80 337
309 519
216 86
338 381
217 381
86 569
184 394
238 323
236 161
168 528
125 504
546 49
24 234
98 2
255 295
332 441
143 548
227 422
116 327
39 183
187 314
265 399
75 589
394 32
555 39
405 19
292 288
243 165
5 201
503 89
574 44
204 369
117 345
5 230
67 298
582 435
115 517
444 224
125 163
393 371
87 14
198 48
514 54
277 381
13 572
328 259
488 219
125 488
383 347
411 429
470 523
141 377
117 547
558 272
9 468
432 551
76 73
303 461
411 125
331 320
84 39
556 533
173 114
73 345
572 124
59 93
486 225
185 49
151 63
261 170
118 457
301 313
231 282
229 223
36 528
419 379
281 317
220 124
207 370
178 506
170 33
388 571
584 489
5 580
141 73
79 543
44 400
293 563
492 378
77 305
102 545
72 317
457 268
346 350
405 360
33 147
8 41
188 467
402 350
47 12
475 9
68 222
109 509
130 54
245 262
266 81
429 433
547 334
215 398
255 23
310 311
37 399
565 97
340 90
448 252
345 43
951 549
556 121
539 600
85 2
774 180
651 487
295 825
514 471
566 359
761 633
684 303
277 732
267 202
444 245
478 758
24 366
322 116
380 159
250 57
527 814
597 622
170 651
319 946
926 137
914 753
491 678
411 460
776 765
506 142
614 303
684 692
69 769
756 208
684 908
790 879
65 403
804 102
661 46
702 465
346 706
371 310
198 485
658 364
264 562
385 179
145 617
234 939
97 946
921 878
726 683
514 412
837 465
51 722
943 895
55 180
671 823
600 675
630 98
559 755
472 624
621 82
379 195
19 711
878 530
880 288
359 845
546 419
839 936
672 739
703 440
902 485
259 331
653 345
722 248
79 823
566 894
872 286
629 276
425 947
897 351
78 603
909 548
339 885
451 97
277 235
816 258
805 204
375 204
356 835
115 853
20 918
550 342
25 413
678 266
679 639
501 145
762 766
877 937
110 466
271 687
603 893
523 943
784 665
251 814
162 494
401 815
466 771
694 419
282 70
676 146
561 268
796 311
578 902
936 341
751 689
69 888
40 711
713 864
14 507
17 113
449 646
458 572
674 277
682 290
321 577
134 78
265 499
50 651
718 237
566 70
378 887
844 892
540 392
453 293
670 767
928 94
501 824
766 124
355 629
649 82
553 174
751 313
503 641
712 865
680 861
877 557
71 477
944 530
684 206
376 660
249 45
830 905
317 511
194 200
830 789
537 662
678 101
326 930
24 704
149 338
36 198
830 149
903 351
289 942
624 456
458 640
635 626
815 585
194 402
420 140
793 192
428 84
613 533
308 429
168 463
599 242
690 432
183 545
564 213
118 267
576 147
691 99
537 516
618 673
172 252
735 595
520 228
250 430
874 404
535 836
878 204
269 175
471 65
731 431
92 794
847 759
717 690
278 746
68 597
581 873
934 869
166 572
573 622
665 283
517 693
174 811
887 644
75 489
935 715
46 106
374 12
779 147
936 699
819 565
370 310
100 699
470 574
180 327
859 36
903 489
480 784
950 572
892 868
119 406
291 887
704 459
350 732
695 931
291 833
700 94
279 307
529 229
794 327
803 178
389 720
627 858
718 345
839 114
62 468
773 250
68 284
291 385
894 37
62 615
854 844
755 504
498 760
47 393
148 531
399 791
683 144
475 695
357 265
320 293
643 866
415 681
99 925
96 106
105 860
304 849
12 750
756 654
763 378
729 309
316 461
267 614
686 646
139 464
201 883
631 711
375 552
608 310
65 431
253 148
114 805
593 105
945 630
448 412
707 143
531 180
458 471
299 580
687 228
432 257
217 839
261 287
571 187
320 16
167 135
549 150
814 186
655 161
105 531
913 704
304 223
783 483
765 241
765 221
294 399
737 489
563 661
333 873
665 176
158 815
497 948
761 57
242 658
840 785
597 108
63 854
361 136
881 131
327 115
484 480
700 892
923 333
786 626
777 108
592 35
717 194
380 101
335 476
506 933
726 832
567 814
66 71
419 941
690 190
284 606
198 220
262 300
76 357
722 367
34 77
254 218
325 71
721 384
899 204
41 374
160 711
938 477
489 912
867 9
830 328
26 58
334 921
511 676
866 738
409 951
469 718
500 631
518 541
623 291
502 61
738 414
597 781
614 843
607 841
494 572
198 721
43 286
55 528
395 817
292 636
914 490
927 392
311 48
197 628
28 898
57 55
133 173
29 117
630 709
891 164
358 203
180 546
455 147
497 858
243 918
22 141
78 634
855 433
373 925
227 894
501 616
612 659
661 268
575 370
155 640
589 814
447 736
45 887
304 461
623 848
186 495
373 766
533 659
353 516
612 349
191 826
114 828
292 435
388 150
79 439
630 17
718 663
173 565
837 275
168 586
269 669
887 50
738 421
357 805
737 935
87 537
167 609
533 55
85 849
351 151
653 214
544 370
185 391
800 459
574 519
473 555
637 626
296 911
416 70
611 550
65 446
914 451
94 583
90 44
531 501
323 403
869 645
499 89
276 64
248 452
645 219
778 149
508 61
55 685
885 531
136 269
865 459
123 284
734 445
60 315
708 498
43 895
825 312
358 370
351 262
565 905
590 783
455 427
648 195
523 400
845 232
708 554
413 618
328 677
196 200
881 324
766 515
266 424
740 839
269 546
684 903
563 479
434 837
243 770
489 376
878 537
898 889
246 218
227 3
890 789
840 191
14 916
824 744
597 90
297 265
493 923
828 274
682 171
900 188
949 843
218 262
188 411
401 283
330 903
423 101
78 18
199 797
891 950
883 718
270 872
321 309
426 565
374 844
806 188
920 916
360 77
212 256
784 831
168 947
650 501
271 568
867 300
365 829
703 368
842 730
651 420
510 345
467 546
726 138
680 22
408 240
306 79
871 442
70 187
244 142
727 54
326 572
180 801
725 551
447 13
802 607
796 807
78 805
129 173
180 695
4 499
724 765
464 189
629 563
558 202
647 626
689 684
501 560
31 524
57 588
222 779
2 310
903 892
407 897
210 406
539 703
327 582
870 794
717 278
341 542
389 230
695 600
684 111
543 941
50 696
260 42
157 75
363 354
248 488
15 945
587 83
818 134
142 745
256 950
516 914
840 728
436 795
61 919
555 143
825 205
20 78
78 748
936 398
112 609
95 328
491 718
289 11
876 563
924 549
114 719
664 350
892 198
172 404
431 605
848 584
850 829
614 896
327 248
308 735
862 336
927 22
503 91
344 555
904 332
396 947
39 638
426 225
907 683
821 63
465 477
940 716
596 201
705 587
531 937
117 101
39 292
756 815
895 428
682 464
86 72
482 840
886 183
363 357
698 34
317 852
211 895
775 624
834 201
445 149
348 908
865 940
242 184
401 764
309 918
204 77
414 607
572 304
137 892
551 922
36 739
856 644
486 393
741 36
57 924
836 70
277 800
282 683
836 880
529 409
816 375
533 272
639 318
311 534
163 813
126 163
530 216
107 329
526 135
687 338
56 74
285 690
564 10
639 197
937 408
809 871
169 411
292 387
229 904
122 856
174 215
360 590
443 844
723 150
527 340
390 892
245 52
569 282
782 321
357 315
651 30
422 797
242 264
67 743
183 271
14 602
268 180
458 550
303 362
895 743
621 712
81 937
572 684
401 565
948 768
78 566
837 847
797 374
849 943
455 238
842 28
476 776
803 262
154 372
514 233
708 943
156 720
68 459
803 598
780 887
608 857
343 50
143 625
360 686
394 843
541 236
812 153
755 790
55 437
758 50
174 393
462 541
574 947
271 347
701 308
610 102
115 109
62 621
707 604
644 656
528 793
153 63
798 498
293 181
586 8
684 887
6 767
191 718
21 702
177 505
96 919
930 93
618 73
68 188
503 267
467 125
796 892
531 572
277 207
329 128
279 435
594 218
523 711
147 678
60 749
374 822
794 547
526 911
741 397
347 538
932 710
327 888
23 177
832 846
75 851
776 481
940 127
809 320
351 865
607 917
775 901
381 703
710 756
572 864
753 405
714 875
652 310
551 262
723 909
104 697
80 351
869 378
536 797
275 943
357 838
50 873
33 272
820 102
592 850
817 701
254 906
443 386
654 513
282 620
491 457
445 618
911 827
868 279
377 417
708 193
512 565
699 406
239 338
800 322
56 563
276 356
928 632
823 65
616 450
47 298
414 541
904 108
761 329
537 817
575 280
849 830
688 540
693 600
826 399
357 720
414 795
284 580
7 393
318 226
209 916
57 142
488 13
801 579
787 589
694 855
580 601
527 26
662 492
805 714
651 337
464 775
747 231
78 572
925 614
531 22
47 642
454 357
182 67
788 604
152 703
411 131
120 616
314 876
403 369
201 532
807 42
623 772
900 619
346 77
733 354
575 47
451 570
799 225
28 849
368 261
838 27
266 5
948 878
137 667
255 79
734 1
357 340
775 18
647 671
915 656
587 616
148 302
17 765
165 119
412 224
328 264
521 333
721 863
657 905
438 757
810 318
273 396
694 666
556 269
697 792
717 373
924 54
752 109
804 884
803 247
572 418
306 305
410 665
163 384
527 331
359 14
433 747
132 897
792 50
878 564
352 580
655 701
88 459
183 474
601 289
825 885
897 630
858 38
676 575
375 143
754 947
823 425
201 130
929 241
809 903
734 245
862 630
103 572
509 422
815 281
591 643
68 505
301 307
50 234
457 789
790 136
564 670
360 441
31 17
661 372
526 943
263 131
738 614
683 72
277 610
108 415
232 49
59 636
350 525
383 21
756 379
106 318
145 496
391 85
68 417
467 522
470 742
596 808
110 68
668 180
68 850
885 404
383 910
592 882
757 799
205 32
53 734
382 409
438 24
193 433
194 113
96 326
166 131
276 410
237 433
215 414
156 366
403 104
201 209
48 398
318 305
283 33
376 267
225 47
275 369
282 32
413 361
17 298
111 401
40 251
107 305
239 89
120 72
417 235
326 415
220 78
184 106
181 312
121 281
113 328
143 70
374 117
191 251
88 129
86 97
189 248
139 113
264 246
276 354
401 87
331 394
57 173
182 313
58 28
283 110
152 43
291 218
395 365
163 281
393 128
338 261
377 364
372 317
382 231
100 12
316 341
295 177
174 2
197 117
123 373
129 281
335 13
221 324
91 249
329 76
433 273
400 307
319 408
114 177
28 45
357 317
208 372
209 92
258 44
327 138
437 222
317 428
424 9
435 14
126 389
200 138
392 317
90 22
430 103
37 341
270 54
78 5
354 111
421 299
102 150
40 66
115 228
81 11
42 280
425 199
17 21
136 176
119 415
147 128
15 53
311 330
165 304
53 55
95 146
112 128
112 5
97 176
99 85
149 251
427 282
383 136
190 326
67 62
27 383
224 373
335 230
291 246
372 370
355 148
78 239
299 18
41 48
134 382
56 354
198 351
412 301
285 202
19 369
224 138
251 369
395 59
205 380
249 396
437 405
93 103
113 54
267 280
280 17
182 244
122 46
68 227
147 386
129 380
48 288
256 113
329 20
403 193
191 363
16 63
15 64
316 90
233 198
394 268
218 329
78 29
255 164
255 54
436 151
402 48
131 125
71 118
131 367
273 324
177 372
78 53
432 149
399 271
200 210
396 218
421 260
301 361
251 280
186 114
381 125
70 77
247 128
129 154
101 262
356 235
283 429
333 83
54 50
177 389
117 221
8 421
42 422
373 421
399 424
389 192
414 177
436 264
323 144
139 245
280 52
16 406
343 215
304 326
360 415
139 217
130 438
233 69
296 193
207 307
414 16
43 287
314 48
152 147
292 346
313 258
60 309
183 329
146 49
170 314
90 135
70 316
177 231
213 255
54 371
232 247
300 247
1 322
125 334
413 28
26 309
233 316
153 97
176 320
375 355
421 326
65 159
277 434
189 379
280 253
148 102
139 387
316 305
184 173
331 23
239 266
389 185
188 306
346 195
437 196
409 198
265 101
65 130
105 15
289 107
172 72
39 370
414 174
347 235
49 326
177 297
391 74
35 48
203 336
238 398
48 139
7 363
425 246
259 341
40 416
106 28
29 340
67 84
176 107
326 140
183 269
47 314
296 308
358 194
145 83
86 310
3 329
398 236
152 423
191 323
317 330
365 8
43 216
348 123
281 396
326 426
151 332
276 161
14 24
133 434
101 385
68 290
179 134
320 98
349 316
227 231
6 323
111 178
75 81
192 141
325 244
285 42
73 145
67 147
303 437
180 415
320 132
427 412
288 230
115 119
434 424
433 251
128 417
272 51
137 239
324 127
211 405
168 102
124 292
146 36
372 233
240 376
76 116
241 70
267 234
145 139
130 431
113 396
278 398
171 376
315 413
226 345
419 359
82 47
251 254
122 231
434 326
130 231
187 282
207 174
414 405
156 312
407 263
12 147
388 167
157 166
155 159
223 111
90 321
366 109
28 229
280 92
291 418
405 257
118 255
250 304
293 343
36 169
139 301
360 274
309 215
391 388
408 304
218 142
23 102
217 313
4 102
204 73
162 158
430 101
147 30
108 36
302 146
312 384
163 1
334 356
50 404
411 78
79 278
252 414
80 216
39 284
407 1
397 17
267 294
110 354
177 261
396 177
291 420
312 218
310 390
10 42
81 198
160 1
237 214
175 308
64 337
163 279
125 243
149 368
365 378
88 212
233 94
206 68
242 408
427 226
338 354
286 31
215 14
272 8
277 189
5 251
219 190
364 408
299 61
336 430
388 235
120 217
208 162
181 339
119 346
25 113
148 227
352 23
265 359
104 353
38 27
192 362
286 398
393 344
246 342
218 430
72 34
350 101
221 306
112 372
326 396
99 371
308 212
118 144
129 216
183 29
78 60
264 185
236 44
129 292
288 209
206 98
288 49
217 51
134 230
94 301
190 245
302 274
101 299
163 265
90 219
149 96
45 244
126 261
240 277
155 129
90 67
59 3
129 253
255 30
265 175
87 55
51 41
20 119
224 279
252 68
277 116
17 109
10 185
166 132
104 74
289 56
155 106
184 293
177 285
259 104
86 237
181 94
225 207
196 122
21 129
178 249
117 83
278 149
270 113
273 193
102 63
206 203
149 146
202 97
86 42
217 129
175 207
66 236
242 103
176 240
117 95
91 182
167 157
99 82
126 143
36 115
119 164
171 156
101 248
114 218
194 308
267 259
14 60
277 242
134 168
175 254
217 149
84 96
258 301
30 111
41 65
190 239
240 58
209 24
180 208
150 201
31 167
281 301
133 225
38 165
262 4
234 102
108 131
207 275
227 9
216 112
304 15
68 91
26 61
95 121
110 180
26 97
153 289
240 209
88 95
160 190
230 217
65 256
113 5
263 127
236 250
26 70
261 231
118 129
266 129
97 185
295 141
281 107
51 241
80 104
152 174
76 59
257 77
45 197
150 114
69 282
145 306
94 72
191 52
271 130
173 275
129 211
243 150
48 271
209 203
207 283
228 302
269 163
270 79
58 166
174 130
254 210
59 188
273 23
105 144
303 192
215 54
7 291
111 222
300 170
81 164
114 102
161 220
212 35
5 280
204 142
175 284
277 198
302 224
223 182
73 227
24 212
253 260
245 15
137 37
55 125
302 22
83 123
171 50
5 97
185 14
297 203
240 245
75 298
185 149
280 287
223 89
9 138
153 265
104 150
75 190
4 17
269 189
190 27
229 257
263 167
301 266
180 131
33 5
238 207
66 162
15 185
217 228
202 100
161 97
201 174
198 39
255 201
52 230
229 299
146 273
12 199
85 195
305 170
128 272
161 251
235 93
200 98
215 61
58 308
305 307
228 246
120 22
51 261
137 38
69 212
124 269
117 164
16 163
70 19
26 276
306 198
132 8
302 221
92 164
269 159
187 91
207 203
179 19
86 115
55 172
283 11
166 3
47 104
96 87
255 18
90 228
266 167
205 32
193 186
247 114
15 128
43 166
91 129
36 253
140 239
164 245
149 177
57 292
199 274
221 235
192 14
132 268
296 288
119 46
158 164
99 155
154 190
169 257
135 167
166 25
304 232
266 295
278 139
266 136
37 197
59 195
113 34
184 301
286 51
274 28
162 232
62 2
183 120
262 47
275 13
40 253
249 204
50 129
128 294
48 214
129 196
175 213
262 53
305 129
24 178
147 118
2 51
210 6
146 226
148 225
166 229
71 85
131 114
64 302
32 212
114 2
145 233
129 227
209 37
137 290
7 259
206 151
136 1
