10
980 619
397 968
531 212
90 883
127 82
363 715
527 567
72 118
858 792
893 428
597 422
603 679
204 909
156 344
439 110
867 937
254 268
598 70
936 158
339 820
712 855
279 118
386 135
694 250
868 270
444 494
829 262
452 551
670 631
16 18
163 439
582 742
17 277
422 918
235 96
156 595
98 260
246 650
458 525
212 643
351 629
495 900
445 244
106 204
453 217
424 164
257 65
6 924
807 592
355 554
976 233
445 274
494 526
12 236
44 653
512 577
796 852
658 329
243 602
230 522
329 559
137 267
913 156
326 163
44 963
11 272
543 600
767 464
437 604
356 417
69 516
428 729
66 889
222 872
207 540
10 37
46 587
87 756
373 779
978 421
52 439
214 168
132 171
940 183
111 74
681 268
428 594
48 917
850 112
200 817
137 219
72 141
167 505
737 18
557 696
863 149
118 359
611 606
480 327
435 226
696 216
769 417
920 810
600 474
38 513
180 18
162 558
176 17
406 444
534 535
72 610
577 386
143 297
7 470
386 925
343 273
49 9
240 367
284 211
72 641
180 692
889 377
49 826
169 699
906 912
393 483
485 775
705 141
241 244
461 816
428 371
624 784
644 289
929 976
695 682
845 308
37 65
25 708
239 227
933 116
138 686
535 574
899 186
355 256
241 773
580 231
499 547
787 264
592 515
425 536
95 85
139 669
689 628
499 241
522 312
77 794
777 178
785 44
164 394
402 155
561 528
523 9
433 647
430 813
723 964
933 196
722 687
49 61
249 149
173 902
627 761
680 188
170 157
665 105
675 787
887 300
12 445
375 889
369 335
770 332
967 288
239 624
877 822
329 449
693 949
734 735
660 846
11 395
88 785
871 933
254 961
500 63
767 762
377 535
406 941
806 919
357 737
165 867
585 927
179 189
421 163
526 970
395 809
839 413
466 733
656 696
462 870
923 626
625 800
123 916
15 577
160 610
184 72
189 443
590 186
271 578
264 123
316 463
333 920
765 12
971 480
142 537
608 57
466 172
849 559
420 929
5 332
107 238
851 917
574 33
859 317
572 278
805 965
910 228
242 151
19 44
249 903
545 204
557 815
279 7
247 36
836 610
574 323
924 269
215 107
109 103
702 798
975 12
317 786
655 308
542 728
406 201
871 401
886 635
607 179
372 472
29 494
294 957
548 905
756 157
94 8
609 970
264 12
86 636
634 375
586 893
502 649
613 396
397 417
852 977
460 571
423 728
67 486
376 439
913 422
128 126
509 881
567 840
754 732
831 825
742 518
487 742
748 311
781 789
210 287
352 606
168 679
202 785
890 575
373 806
781 433
165 31
365 189
819 428
372 673
385 691
890 107
116 837
662 648
469 680
635 831
338 38
174 973
516 3
891 43
307 815
867 45
675 220
479 39
520 684
750 905
696 814
575 922
55 161
74 749
306 208
752 757
505 147
313 223
51 860
605 735
30 374
776 795
154 298
646 26
896 628
309 834
558 463
399 794
391 757
433 787
41 545
482 938
377 226
285 556
130 613
823 377
390 438
887 175
565 302
181 131
60 258
2 230
465 457
275 286
389 185
410 617
233 606
18 785
545 391
135 885
724 517
564 837
222 879
563 99
458 253
651 943
525 781
705 262
418 960
509 498
522 693
785 635
257 866
583 310
288 341
920 448
397 500
289 767
709 939
657 439
293 487
125 210
184 576
493 958
402 245
408 805
396 574
209 451
545 481
315 964
372 349
850 303
480 390
933 108
697 907
654 326
742 94
628 257
933 386
649 574
211 135
862 594
177 544
569 501
226 197
163 444
923 789
848 516
789 257
653 350
908 694
698 171
395 670
544 182
292 153
868 212
609 550
653 195
92 96
275 745
326 549
737 709
802 736
387 336
437 181
516 436
108 852
453 16
563 485
754 493
492 154
229 243
853 258
360 833
367 361
533 943
804 839
172 102
966 455
301 3
913 948
200 523
221 254
551 370
951 743
57 569
197 521
382 455
141 360
225 303
455 529
411 91
862 476
489 499
930 84
553 976
900 488
892 385
838 487
845 22
712 212
24 89
149 57
872 685
944 660
753 610
483 197
113 925
518 383
213 869
347 864
635 303
216 730
794 519
468 892
364 787
710 442
819 166
18 141
71 936
447 802
283 101
318 387
11 281
607 574
616 309
820 141
911 523
947 295
519 803
524 884
146 365
921 839
287 122
38 672
358 575
259 197
893 438
163 36
494 222
684 353
153 255
88 668
348 582
421 56
89 582
144 188
279 701
117 760
380 349
273 5
619 23
652 173
260 465
942 745
503 170
666 76
208 347
108 747
445 99
78 296
328 555
274 224
692 276
816 867
152 389
404 321
385 789
666 291
710 197
379 532
656 248
193 149
462 182
505 56
910 974
924 400
317 705
60 561
664 233
788 511
687 118
738 972
696 432
188 180
546 695
417 164
1 487
641 161
962 244
865 597
676 324
760 391
115 11
316 34
785 603
802 978
895 848
700 646
240 910
534 959
980 289
74 748
559 621
787 844
772 688
894 582
645 293
541 345
636 84
752 827
739 351
737 807
696 59
795 345
561 789
90 842
398 798
330 802
632 403
960 44
861 591
142 635
490 372
224 745
122 391
487 702
683 753
333 530
659 812
880 226
534 951
391 498
638 226
518 956
503 381
538 386
227 351
412 134
592 133
661 725
649 632
742 23
900 882
913 391
690 631
419 312
139 281
200 661
333 13
535 434
529 625
606 640
935 487
91 153
109 723
964 455
369 316
738 719
150 583
572 785
976 863
440 138
632 783
890 427
260 874
151 258
209 719
382 955
867 744
187 1
367 688
950 94
55 642
630 351
408 674
852 944
501 314
761 602
325 57
801 890
566 670
100 639
661 233
283 21
713 889
826 912
508 695
591 12
328 517
582 53
560 25
901 288
933 191
251 115
696 821
478 460
446 89
312 905
238 782
291 603
249 578
945 166
625 127
387 47
384 561
843 608
280 923
477 842
652 118
104 822
768 677
9 459
42 166
708 652
764 436
820 651
766 702
324 854
582 506
890 540
388 154
574 204
629 99
208 839
140 68
322 385
14 976
557 620
687 473
155 50
377 614
482 368
496 616
313 74
150 205
719 692
579 617
914 838
580 955
266 170
777 910
351 28
49 190
440 494
40 106
646 252
73 867
535 300
513 260
965 170
653 682
540 395
110 372
797 431
23 413
264 769
283 667
145 508
233 785
584 319
309 149
346 948
450 661
734 99
567 4
26 244
524 224
199 936
136 602
213 362
702 387
414 956
979 771
702 282
755 212
715 18
789 342
536 791
928 614
256 565
682 841
433 927
404 540
978 119
461 32
897 794
934 859
954 661
250 948
582 124
641 602
613 536
713 824
494 70
482 44
574 517
43 198
465 148
216 619
900 922
154 687
332 180
54 628
395 3
372 759
116 497
582 721
690 504
409 581
931 543
795 183
954 100
522 52
44 596
388 81
539 601
194 891
789 206
863 819
331 531
516 947
409 258
391 897
288 510
179 788
132 410
20 493
460 762
334 555
976 191
455 787
174 346
466 74
762 662
97 660
820 703
289 740
183 362
79 915
200 953
437 853
793 693
575 806
567 413
665 623
716 202
785 574
619 667
230 587
484 643
618 654
568 249
188 643
16 876
935 684
233 333
741 715
137 72
73 562
145 296
741 731
603 763
130 366
408 790
707 317
297 773
391 93
263 706
670 379
637 534
422 400
232 385
980 584
720 188
89 199
159 742
543 890
808 871
888 223
92 819
606 218
754 607
249 813
847 714
337 813
56 636
439 867
795 787
246 352
593 714
536 665
751 976
413 915
431 690
499 873
898 154
355 23
891 737
551 349
455 828
772 858
433 718
68 246
112 378
786 758
963 467
70 64
96 441
980 114
277 625
258 835
396 917
811 737
768 967
402 558
304 924
415 104
706 483
1 590
857 309
439 615
80 34
234 222
733 191
697 396
34 38
141 395
525 774
473 126
475 330
104 831
83 884
27 214
412 266
570 912
281 310
129 654
678 901
405 79
290 201
224 85
225 875
455 67
316 289
778 75
433 635
510 389
241 860
204 622
340 557
237 211
71 120
141 413
704 478
107 832
830 344
433 153
526 426
771 339
18 589
514 71
423 670
843 588
661 169
354 889
410 867
121 420
844 726
58 231
860 471
818 859
599 687
671 805
781 636
291 714
289 915
552 303
442 612
690 254
500 479
659 243
239 62
717 785
491 104
646 780
481 952
746 166
439 75
625 324
329 544
904 223
607 240
574 633
35 218
717 299
394 392
320 284
668 969
208 507
628 967
94 878
308 767
329 433
960 842
362 192
439 261
416 518
305 473
380 203
718 573
601 794
621 429
454 279
456 816
932 687
946 50
799 180
432 556
560 407
173 265
651 711
663 718
329 926
692 374
170 18
856 249
629 294
888 727
720 180
285 653
257 528
636 634
398 383
403 26
391 516
719 706
54 216
568 121
532 115
562 693
167 670
336 16
687 261
651 468
201 161
624 213
221 31
324 307
391 456
535 331
547 450
214 180
38 619
284 682
115 580
124 628
97 4
347 320
691 546
595 392
205 391
671 475
662 195
262 647
8 558
224 630
653 296
80 493
144 346
383 313
605 113
579 260
497 89
642 511
219 239
364 669
216 225
75 238
497 433
374 98
599 216
168 22
37 83
347 420
266 567
510 330
628 422
376 207
370 611
60 62
59 219
78 36
492 248
632 607
334 412
705 633
154 523
94 251
681 432
415 456
254 369
239 697
365 424
557 380
588 203
8 401
167 374
85 278
640 90
167 228
429 677
290 373
437 374
129 578
241 193
68 2
9 627
148 532
360 40
48 649
321 389
548 387
536 333
501 307
52 84
536 622
321 369
614 679
23 177
311 444
711 35
386 14
143 433
421 29
286 554
252 228
466 505
167 585
84 635
206 648
272 436
343 568
456 32
159 295
160 691
700 648
349 448
354 179
431 698
447 291
198 514
28 121
279 290
378 345
219 612
274 437
4 682
620 77
71 717
592 18
121 49
25 305
653 14
151 415
544 293
338 141
449 530
233 307
500 190
177 720
355 8
507 21
525 537
586 671
590 588
637 85
193 22
191 135
387 5
482 14
96 637
40 12
410 452
146 497
294 650
718 353
68 680
522 635
382 678
367 685
58 140
323 387
238 310
508 389
262 212
600 603
528 124
91 622
64 9
73 270
329 392
683 636
661 389
21 619
270 98
289 93
167 176
156 526
124 573
433 606
368 545
160 128
136 300
536 238
495 251
3 588
157 581
409 493
419 345
184 305
165 613
711 14
178 338
539 105
643 201
11 429
37 456
113 500
538 433
643 170
461 396
9 394
13 279
379 85
338 312
521 418
81 695
178 413
626 219
51 482
322 215
411 595
693 222
305 174
164 248
675 308
443 299
682 439
81 228
338 298
620 167
397 553
120 170
618 637
337 544
536 107
218 453
271 296
602 213
608 317
534 232
145 267
126 470
186 164
280 66
4 24
635 110
25 551
650 467
456 581
302 114
67 51
460 333
576 177
122 599
99 586
703 117
493 287
604 134
719 711
167 715
33 686
56 360
80 368
543 256
494 79
231 161
69 307
314 20
399 377
630 181
203 518
356 648
406 463
517 598
393 223
212 116
248 194
139 595
197 253
80 26
39 448
337 663
479 642
357 94
697 87
707 224
580 147
288 183
41 127
709 410
319 36
14 554
22 476
170 335
314 15
593 503
503 666
491 100
256 230
566 232
429 492
134 606
452 463
646 270
36 79
132 97
586 383
45 457
636 299
241 242
52 358
674 301
524 281
504 391
568 289
560 149
447 192
167 378
720 580
707 417
411 213
614 366
255 185
359 324
648 337
433 287
672 248
589 348
666 155
132 327
680 201
558 383
55 343
710 691
570 324
379 82
644 698
471 307
261 330
18 272
383 514
186 597
204 81
521 430
459 549
283 376
229 715
423 64
346 499
138 589
313 531
240 661
377 318
115 135
342 575
328 569
275 417
73 535
436 289
416 425
15 114
65 713
269 211
266 715
630 115
17 611
239 672
439 101
154 485
374 393
229 673
515 501
586 668
209 514
364 334
625 553
200 262
637 115
32 167
456 520
399 414
381 392
280 95
193 699
712 346
708 131
100 628
1 247
57 358
473 355
720 654
660 46
63 409
369 717
702 102
264 625
13 461
292 531
559 305
287 692
277 394
291 620
653 583
175 306
44 46
167 635
716 220
439 133
32 547
64 361
514 308
711 154
692 126
239 166
325 246
566 576
366 112
589 421
251 255
105 279
632 565
404 521
334 489
220 484
620 317
621 196
245 571
596 291
237 70
638 167
634 458
106 707
537 527
516 237
236 53
521 487
3 655
568 145
182 545
442 405
238 43
131 203
441 648
710 183
190 321
80 428
131 108
94 705
409 7
365 215
563 140
588 127
366 171
123 532
387 506
482 334
584 656
341 363
465 228
623 654
399 596
643 617
671 594
517 385
309 594
280 672
650 506
295 652
531 372
202 558
666 583
569 65
279 231
439 62
187 273
601 437
701 127
389 427
124 72
177 441
118 12
210 354
704 710
692 438
384 79
173 607
95 283
232 273
392 321
45 578
697 639
653 710
321 346
664 655
215 210
560 463
564 583
440 143
138 111
330 9
256 129
710 9
681 409
138 496
316 583
405 280
231 371
243 571
397 524
129 103
1 630
50 477
218 22
580 407
591 511
367 469
208 48
135 74
189 104
143 162
408 636
4 154
619 163
136 646
681 199
220 600
67 514
220 249
666 657
579 407
538 53
488 565
365 684
371 234
248 565
561 714
574 266
454 409
621 545
694 303
17 416
94 557
32 588
388 184
654 676
536 636
72 483
466 379
420 542
276 416
634 340
615 400
688 214
720 497
572 557
402 545
616 77
156 219
689 254
362 174
165 381
557 480
328 502
526 513
353 427
271 259
217 188
711 703
627 227
404 547
631 226
184 500
580 314
645 540
233 588
61 48
313 265
332 493
577 657
582 488
558 31
297 455
46 680
47 344
367 181
714 627
4 426
193 21
394 533
110 452
352 671
19 3
622 315
178 17
48 233
478 436
472 119
628 297
182 641
469 678
519 115
549 333
258 92
407 517
434 208
310 395
152 372
434 263
143 22
267 142
161 556
12 238
333 555
486 115
292 400
717 569
235 151
512 130
314 375
661 350
488 303
527 635
390 696
547 662
84 339
629 328
659 219
30 212
715 589
660 609
474 599
140 296
90 545
282 492
446 265
310 250
89 214
575 520
636 514
707 244
228 486
665 391
541 566
482 253
7 351
438 451
320 86
389 711
322 268
42 104
456 188
521 366
481 281
529 343
431 199
116 104
686 653
124 14
540 514
301 557
172 289
233 47
534 76
527 27
462 508
269 693
219 92
632 600
407 34
584 84
248 540
387 435
576 651
416 369
390 181
243 388
125 284
310 610
576 119
387 175
66 169
378 216
129 553
566 137
326 552
277 158
153 544
540 161
686 553
228 294
176 10
95 512
444 250
336 269
638 490
216 88
702 402
464 683
334 498
540 357
325 500
449 634
212 304
449 550
278 445
32 39
642 216
436 493
552 433
341 138
238 212
720 693
422 652
548 477
320 374
150 346
500 698
209 667
22 424
720 226
202 78
658 184
590 509
329 109
180 587
547 6
690 650
59 50
6 54
4 8
36 54
2 49
25 39
1 17
33 14
21 55
43 48
55 43
41 24
3 46
2 45
1 44
5 37
37 11
3 2
50 9
59 38
41 53
56 12
44 3
55 58
3 13
38 32
27 47
1 57
52 22
8 40
39 19
18 49
34 14
3 55
53 31
13 56
51 40
30 22
39 15
26 22
38 3
43 35
56 52
10 21
51 41
36 37
20 48
54 42
7 33
16 53
37 7
54 51
39 41
25 50
28 8
6 23
55 51
29 3
49 27
612 153
502 606
62 79
44 606
298 275
198 236
452 563
384 122
263 455
50 6
248 369
471 460
451 382
140 89
519 527
260 212
575 249
428 12
56 606
487 162
201 512
392 252
560 85
28 460
289 261
333 452
161 195
335 360
164 1
328 559
173 506
157 598
526 145
12 569
15 427
9 299
586 129
62 161
55 604
511 524
281 186
441 588
559 153
17 608
414 176
409 98
41 544
545 251
408 382
489 263
43 55
24 4
132 332
72 177
453 124
389 162
451 393
38 153
413 555
213 244
575 133
559 611
605 460
529 335
197 57
543 1
58 84
452 246
511 89
125 321
553 277
597 394
225 138
347 370
573 364
56 88
424 541
15 26
216 388
72 148
25 40
215 568
610 444
248 169
276 452
585 131
13 455
338 49
284 247
259 485
397 217
101 161
184 258
571 150
397 583
150 547
495 126
27 363
505 485
382 111
572 322
346 591
115 164
356 587
190 484
460 491
66 345
501 344
251 492
528 123
465 29
495 68
271 35
186 23
200 400
603 488
442 373
200 503
293 589
380 286
533 413
119 1
302 94
285 557
177 298
117 324
12 420
395 420
237 427
483 330
210 162
162 73
399 539
265 601
174 518
383 542
268 554
524 156
368 420
447 256
382 141
113 482
336 159
333 444
281 379
238 285
439 598
274 236
579 70
274 488
213 257
435 325
556 209
361 610
243 464
609 375
354 411
517 93
7 31
556 14
266 128
252 85
8 491
355 81
185 601
64 333
549 249
51 138
582 153
430 288
124 160
472 126
446 389
163 9
199 601
524 5
349 162
441 522
482 564
396 445
362 248
536 601
302 421
358 579
13 398
88 35
579 417
22 18
594 372
172 15
59 558
174 5
239 156
412 457
10 173
441 227
163 461
158 11
204 473
289 161
417 181
44 337
454 146
534 25
568 490
533 436
34 76
607 458
276 331
108 477
547 90
143 515
222 393
548 567
211 455
580 105
281 398
170 93
344 526
208 394
242 47
455 134
241 297
175 67
150 80
421 281
36 43
585 12
343 361
491 399
405 163
133 13
81 193
241 103
343 351
523 181
207 356
21 442
391 461
330 528
34 417
260 48
138 129
5 473
515 106
203 300
113 339
161 138
593 184
86 489
590 159
418 262
53 150
565 18
461 491
25 317
307 320
75 103
12 258
335 353
488 556
218 83
575 147
351 277
566 145
351 129
130 16
386 128
211 326
72 121
126 449
151 560
595 285
276 42
132 427
480 110
4 39
120 365
550 39
284 531
87 458
368 295
602 460
344 366
121 377
298 223
554 583
370 475
580 524
41 296
292 92
106 32
398 127
497 31
233 480
610 283
206 375
1 526
480 431
289 55
431 221
437 470
374 595
126 465
454 179
158 433
157 27
402 232
215 309
243 384
473 24
398 46
440 364
418 583
293 93
443 511
409 612
24 37
521 311
78 255
155 250
577 480
202 100
450 529
584 435
228 244
99 510
526 214
385 534
322 500
238 475
139 236
398 528
340 583
538 22
120 73
48 328
481 112
20 174
264 313
534 424
473 192
77 37
387 63
600 314
368 406
476 386
356 243
570 169
99 273
118 163
309 153
10 595
160 559
334 34
165 2
371 34
417 559
464 63
528 180
462 104
421 505
328 141
168 534
188 191
97 600
548 484
376 145
535 297
208 308
610 487
542 455
136 131
550 175
461 235
279 489
162 407
116 181
431 531
259 456
178 101
423 479
599 605
499 544
471 468
576 507
269 584
481 39
50 212
22 52
344 188
144 140
381 547
432 252
351 306
537 143
348 102
520 421
572 114
420 162
176 394
423 13
9 540
521 129
134 245
427 350
584 429
42 390
176 142
131 272
487 448
484 145
410 293
205 209
398 6
207 354
318 458
525 496
338 53
153 440
401 315
451 435
459 52
574 480
404 273
242 507
58 366
100 417
333 561
270 290
167 328
456 278
559 463
475 85
80 458
398 441
312 394
541 601
480 59
451 493
235 341
258 434
263 394
571 303
373 243
470 102
441 433
71 597
422 583
553 327
300 86
109 541
478 449
213 30
163 504
138 16
287 611
351 189
466 43
280 149
78 551
293 524
560 497
45 267
292 180
321 44
72 485
35 343
106 233
424 160
529 469
78 107
109 196
129 439
443 519
133 229
51 54
293 242
165 83
474 65
135 400
301 177
494 349
596 597
233 319
102 423
361 78
526 591
146 318
322 145
483 352
467 560
185 513
533 457
220 254
291 56
125 357
78 430
152 80
150 169
327 310
329 28
547 282
578 412
453 95
171 338
394 273
100 224
498 255
149 532
61 371
143 426
524 274
597 286
274 465
345 148
131 546
525 488
359 78
530 366
323 102
234 542
194 102
27 17
441 583
67 403
297 491
254 420
150 145
367 409
10 415
409 124
102 600
509 65
137 73
419 132
230 200
168 60
44 197
398 590
508 439
296 575
514 182
193 147
273 335
108 373
441 267
562 420
455 65
438 91
386 462
461 216
397 232
226 342
378 591
65 516
581 322
78 200
133 182
33 140
512 291
595 552
318 594
416 274
534 3
508 403
447 510
595 465
240 346
528 482
15 216
504 155
219 55
289 320
526 294
165 394
69 12
183 488
396 286
82 239
53 290
305 78
187 421
226 453
126 425
592 172
154 197
463 216
438 375
22 150
251 29
286 166
223 486
375 48
448 253
141 264
160 401
30 283
156 344
74 551
19 425
85 304
156 533
386 441
316 255
165 532
439 233
207 559
461 85
574 96
128 324
351 231
572 286
522 238
421 495
439 155
216 514
153 281
278 428
149 67
233 561
293 94
138 281
326 329
209 131
45 381
405 78
115 140
236 325
47 519
300 178
537 217
20 432
496 454
502 511
163 259
495 464
333 376
149 234
45 18
440 346
59 117
61 510
411 390
265 396
246 483
345 15
88 242
306 379
191 217
180 101
233 482
344 220
530 531
421 187
206 418
264 443
139 184
539 507
296 103
557 227
533 219
287 452
229 500
63 476
276 285
327 250
71 273
365 126
118 514
103 479
230 23
5 129
538 453
251 459
102 542
429 19
16 263
142 334
563 444
395 151
382 10
83 445
250 536
128 396
288 313
129 161
104 47
265 129
113 431
387 290
359 136
355 334
56 11
477 446
104 173
517 45
185 462
121 39
435 355
445 116
321 297
70 262
125 50
443 224
298 156
228 547
421 534
289 90
41 219
269 550
201 406
294 338
524 109
538 345
431 472
150 530
549 149
391 316
189 415
550 102
24 265
230 352
563 467
359 379
238 536
316 458
210 315
413 364
444 549
177 212
377 321
535 41
90 369
281 401
77 536
303 436
557 322
112 369
42 173
536 135
76 420
549 144
39 288
19 505
123 78
424 166
220 292
28 338
106 421
481 359
9 246
107 225
511 416
263 452
201 236
62 64
246 83
146 537
262 84
373 38
270 325
405 383
469 17
318 4
270 402
153 478
243 180
350 10
557 331
113 263
439 51
384 571
386 125
452 168
405 506
84 426
26 172
532 362
232 210
350 83
476 57
354 27
30 531
207 355
147 53
213 566
349 135
214 343
148 201
189 555
489 339
58 21
456 314
51 399
306 549
93 149
466 367
128 361
173 133
562 357
353 469
308 194
206 327
6 46
252 102
395 225
561 556
195 164
162 479
519 490
14 306
207 417
281 355
367 32
90 299
372 90
95 356
516 170
184 531
198 324
169 67
55 443
249 221
462 536
530 202
443 192
271 61
312 155
90 477
535 217
484 385
19 84
368 263
124 153
258 393
365 179
184 569
504 316
419 239
29 205
68 16
137 504
307 398
177 12
125 122
504 342
267 14
566 247
184 200
410 259
12 110
188 56
355 263
73 127
181 40
435 493
86 294
13 460
244 501
559 396
504 383
132 430
444 61
568 189
473 153
287 371
319 316
254 489
268 160
78 234
296 228
61 81
372 20
325 311
156 225
498 308
209 40
95 129
355 54
453 552
152 156
120 54
184 387
99 174
568 257
437 512
9 436
20 367
364 460
460 512
90 414
434 234
457 454
52 477
465 456
485 469
142 275
147 398
504 208
451 187
365 512
19 398
307 54
443 43
508 95
284 360
134 302
247 556
563 87
175 558
451 376
474 71
562 306
250 4
551 473
171 239
424 179
225 207
174 78
518 348
323 171
279 524
161 261
447 250
511 130
260 558
268 48
433 562
471 24
558 374
397 222
245 396
538 196
330 173
190 525
297 469
541 307
233 121
408 454
196 572
409 363
539 40
157 568
393 492
129 328
527 387
337 182
431 423
158 281
154 310
359 134
513 435
388 84
480 529
556 92
491 549
276 297
38 199
478 531
354 379
97 538
291 18
211 363
549 252
310 58
297 335
205 141
161 46
499 487
83 375
217 153
184 167
311 88
342 230
73 19
113 173
548 223
277 222
536 182
353 248
183 351
118 343
469 280
389 257
312 334
67 470
51 450
139 119
141 217
438 224
526 129
316 188
144 204
144 507
135 557
190 84
570 231
268 305
447 544
451 409
75 295
310 31
336 201
494 320
22 560
77 240
416 74
153 554
558 341
359 82
543 168
520 451
210 480
65 482
314 338
469 376
376 549
220 168
268 540
35 564
197 285
470 502
442 206
326 484
478 494
261 571
494 237
293 103
203 306
516 400
75 507
144 460
355 79
390 409
261 59
366 266
393 348
383 171
25 79
514 405
221 110
448 348
487 480
272 526
503 115
488 468
486 306
317 324
142 528
145 328
83 281
2 429
181 3
272 85
561 456
58 57
222 226
62 33
376 5
256 219
236 518
110 308
468 180
159 568
89 496
360 234
216 170
109 168
143 536
98 79
274 30
90 301
358 286
36 500
35 392
486 282
456 90
561 412
122 193
463 535
425 256
480 340
381 427
71 235
73 165
404 236
461 314
553 357
267 378
521 217
394 50
241 433
459 250
159 462
79 538
1 287
38 379
276 496
341 80
7 310
238 12
266 15
66 113
243 186
253 25
125 380
211 567
370 148
376 243
218 40
216 45
503 281
76 257
225 443
532 12
96 81
55 456
329 268
84 37
105 562
276 546
422 461
223 343
456 509
378 60
264 545
441 75
355 236
250 451
34 233
407 489
518 114
179 509
303 255
66 69
77 570
312 178
430 38
396 277
376 497
535 36
107 523
85 347
283 236
351 538
259 526
515 88
278 350
451 326
97 215
314 172
49 113
58 120
140 35
320 91
491 475
440 195
66 286
122 207
444 324
164 307
565 442
398 296
332 382
320 455
489 113
383 108
461 449
232 277
14 176
174 72
472 44
232 560
100 225
260 264
403 512
244 10
195 111
129 64
500 304
16 8
309 186
363 71
916 506
676 262
729 893
492 38
305 855
77 95
243 716
222 288
80 610
644 658
186 333
556 122
197 747
402 618
724 292
321 393
578 533
706 71
268 672
441 793
314 518
151 553
609 217
64 82
272 19
720 88
495 177
124 4
85 29
574 272
656 864
718 674
260 332
166 153
668 320
599 620
309 40
267 804
141 164
885 204
913 203
281 515
773 867
304 520
70 661
679 771
283 770
112 842
623 337
109 444
641 15
529 246
851 646
500 780
617 761
487 701
210 781
128 899
859 165
604 65
625 392
463 815
136 409
758 837
490 397
764 3
253 487
503 498
675 753
592 910
732 185
242 265
12 42
34 493
443 364
288 107
785 288
315 248
17 470
109 386
297 628
416 375
220 490
116 404
657 192
55 439
471 447
314 5
652 379
37 909
303 534
105 859
825 752
575 880
598 471
877 34
606 139
309 32
298 881
102 135
896 873
875 301
179 197
816 244
351 399
44 771
505 480
208 119
556 146
341 296
227 453
863 567
342 614
404 694
899 375
39 63
803 650
739 872
225 841
550 791
578 898
160 34
342 607
234 710
534 827
307 561
833 831
100 37
105 227
500 891
57 418
886 197
466 55
857 35
835 698
560 115
671 551
299 894
234 76
409 811
691 48
360 771
239 513
509 433
785 367
742 224
798 4
101 161
153 905
667 704
550 58
100 482
611 296
726 502
775 332
717 502
461 879
664 692
883 307
437 311
324 485
230 838
797 773
330 344
880 299
555 455
189 879
682 687
69 252
665 492
801 278
688 639
180 274
641 751
880 628
146 412
196 257
875 418
91 531
613 157
524 219
777 127
636 589
182 823
366 218
693 576
372 413
617 532
768 523
208 867
679 140
396 474
881 839
431 119
895 799
291 411
720 571
201 442
778 710
319 736
174 437
520 448
612 502
453 152
32 698
13 552
877 342
776 176
505 168
87 837
42 460
702 636
236 411
39 72
750 664
120 235
165 789
494 123
86 557
137 535
110 845
145 632
916 483
891 609
899 691
528 654
600 187
387 170
86 831
733 465
910 822
550 145
169 5
498 105
38 390
468 814
522 721
765 609
417 201
453 701
496 824
911 592
152 53
43 916
335 709
838 615
626 470
153 226
542 366
279 463
393 162
306 190
221 716
778 267
56 342
848 859
78 544
270 573
47 291
526 198
862 888
130 679
788 101
849 380
206 675
174 377
893 391
122 99
865 268
732 258
152 111
201 458
139 836
716 250
749 421
497 854
501 190
525 743
884 375
791 458
394 584
719 478
55 366
759 823
722 896
581 222
791 269
177 184
515 439
762 715
150 238
214 862
252 225
174 227
704 71
573 594
517 81
343 570
901 521
252 651
240 354
374 701
137 659
622 764
294 221
783 521
378 472
654 118
612 409
404 228
16 908
204 246
628 366
247 650
22 409
696 62
56 420
468 648
249 538
660 693
316 93
154 260
329 250
791 34
401 462
285 829
101 760
429 517
371 116
762 688
876 795
150 479
76 49
132 783
324 333
757 715
844 25
829 231
137 34
593 188
452 335
560 428
203 493
621 497
630 157
426 263
883 454
451 656
466 156
499 473
607 552
174 770
344 475
161 225
458 354
91 628
55 713
898 807
578 325
428 272
278 686
742 823
258 445
354 235
52 612
837 34
70 735
892 553
827 278
775 847
211 136
122 71
579 366
644 730
619 493
613 622
400 122
492 131
489 816
599 655
647 231
73 612
295 134
863 464
624 113
570 104
670 426
461 46
232 367
195 519
287 190
57 673
656 34
105 817
566 839
773 137
117 501
740 482
107 205
884 883
190 871
381 619
373 486
614 768
78 880
459 32
590 85
899 192
361 262
76 695
232 716
401 16
24 870
210 541
273 245
563 242
89 279
913 878
188 139
61 301
85 619
492 418
309 877
384 794
159 886
608 455
774 278
701 849
587 567
310 374
246 874
778 622
424 797
136 14
555 268
96 307
209 635
453 873
735 227
418 34
389 418
528 327
28 820
106 474
701 363
791 786
896 602
26 732
383 425
840 550
288 577
692 326
6 875
678 705
186 166
42 200
738 884
398 584
223 313
756 688
911 828
779 625
227 731
271 148
808 270
129 777
805 391
606 9
689 702
453 28
456 530
537 677
816 112
476 560
316 23
895 819
594 873
741 248
359 330
27 692
549 24
826 721
204 331
60 306
18 481
536 699
230 258
700 160
302 791
638 840
664 393
268 510
704 388
595 65
560 225
639 748
137 623
427 786
404 373
565 806
518 37
275 867
767 477
367 567
375 663
790 507
77 890
567 889
827 625
308 861
323 364
20 40
610 492
30 599
440 234
344 896
315 98
316 669
607 496
531 84
229 356
288 605
216 138
662 684
734 839
116 697
592 349
68 76
771 877
71 857
394 622
287 834
246 423
887 11
507 254
744 298
336 141
152 225
601 16
714 324
580 682
869 766
414 147
423 815
140 746
488 207
459 860
180 232
136 30
759 554
143 97
672 772
766 514
716 468
453 332
688 877
906 900
70 265
465 298
870 258
290 271
734 570
790 900
474 805
818 365
712 387
15 55
543 768
857 882
408 160
459 395
469 702
141 282
219 228
171 22
908 208
313 30
495 315
100 261
589 752
227 33
430 53
488 911
62 830
338 497
491 397
641 564
237 245
480 91
683 672
289 598
193 364
305 497
55 853
31 855
227 268
367 216
625 504
70 195
175 837
51 300
301 753
201 280
674 541
478 316
233 540
744 763
546 112
852 52
199 171
677 355
701 296
188 597
109 411
124 690
364 397
797 616
265 71
767 91
110 680
340 864
397 432
2 298
911 537
599 85
405 300
232 901
358 201
739 190
533 827
307 718
268 348
208 124
622 911
406 593
591 415
687 295
891 423
384 288
203 520
336 603
81 902
1 77
324 495
66 467
251 85
511 700
348 435
438 712
453 883
445 754
383 82
598 868
215 119
307 540
612 83
525 381
79 791
588 117
650 63
354 37
160 367
642 763
44 668
372 636
490 634
508 181
212 8
235 547
422 700
662 827
394 318
569 735
869 201
907 475
434 13
888 589
20 904
472 295
262 707
271 650
900 361
539 338
52 163
732 150
75 15
584 334
570 558
121 527
583 688
264 195
646 43
792 586
542 545
305 628
914 231
548 55
776 94
530 142
745 572
823 629
364 850
685 66
257 177
286 877
877 881
163 627
6 821
6 591
63 866
188 708
827 225
649 770
654 492
146 18
749 30
239 488
786 63
530 832
471 348
379 526
759 792
151 62
391 857
610 167
727 499
512 276
449 687
362 256
561 457
725 6
506 151
166 103
400 114
245 703
216 802
479 312
187 846
593 366
385 900
533 582
711 875
823 315
125 791
25 36
203 419
600 656
317 827
370 395
328 336
92 142
59 418
407 96
34 585
883 843
137 268
646 448
827 194
599 538
67 636
77 30
666 187
382 379
85 589
104 640
826 91
241 18
678 881
255 412
620 703
441 102
172 21
232 86
257 572
399 482
266 741
867 739
659 795
567 346
252 352
813 57
293 633
10 535
133 501
886 62
819 439
322 180
784 227
8 455
864 484
875 450
856 471
26 347
251 787
915 849
568 97
499 742
353 646
687 345
311 645
903 285
367 699
256 346
508 769
158 653
777 228
93 876
562 656
826 509
858 797
461 399
728 566
725 737
635 916
299 173
818 34
155 29
319 405
600 81
405 358
873 460
45 702
202 13
866 782
681 356
435 810
76 259
414 622
38 108
898 410
327 113
596 28
158 428
446 248
149 57
366 672
516 633
865 94
900 332
350 656
305 335
178 812
208 687
559 621
710 436
277 690
191 805
383 495
426 405
508 704
336 250
912 437
532 403
796 469
418 892
512 874
90 142
573 339
47 25
631 867
403 268
551 436
292 864
599 285
568 34
826 229
809 877
568 65
470 87
7 656
389 680
126 119
21 628
50 389
713 397
494 560
720 786
459 246
102 511
284 810
618 823
791 870
208 495
54 152
387 577
492 643
168 755
368 440
41 762
343 800
112 700
458 142
25 493
121 317
795 178
806 864
664 622
660 795
897 218
492 376
720 369
137 622
112 887
494 379
685 849
622 723
125 861
116 144
580 183
74 333
713 404
79 633
344 637
644 492
213 235
357 742
355 355
351 1
246 6
201 34
104 131
177 190
330 166
51 183
3 103
132 333
297 41
264 345
142 306
167 61
315 197
152 153
67 262
145 63
70 121
29 43
226 159
39 271
283 185
69 45
332 296
223 168
4 128
95 178
79 59
310 274
55 9
64 1
77 128
65 11
147 251
322 340
183 29
334 299
312 255
35 298
81 123
28 16
169 192
225 220
299 108
328 348
354 2
272 126
282 139
191 106
259 297
335 255
237 191
1 313
232 129
8 149
122 56
64 179
158 171
197 130
190 240
216 62
355 233
255 1
236 273
276 325
46 344
131 228
325 199
37 66
260 350
28 281
339 127
232 39
218 240
230 25
242 110
45 159
173 151
54 90
267 170
278 40
267 155
354 55
333 174
59 193
293 82
146 161
337 205
33 210
250 317
82 280
297 258
18 149
294 96
216 90
248 67
263 328
13 333
186 177
331 24
232 68
233 221
15 324
311 277
184 232
295 273
119 154
286 79
58 292
47 342
79 270
43 341
265 157
204 53
325 159
27 114
206 75
182 28
39 263
263 181
289 322
80 188
344 103
224 31
138 121
276 255
81 320
5 12
318 322
151 338
292 183
282 127
135 309
276 128
109 19
111 107
146 123
164 102
281 148
218 260
234 32
244 186
131 134
219 354
294 40
264 19
33 141
239 103
85 90
245 229
228 294
250 215
42 171
200 338
70 99
167 259
59 209
209 26
20 176
199 347
178 99
218 288
278 101
209 88
40 73
105 226
150 115
122 73
22 217
35 235
79 150
312 81
267 138
324 311
284 192
111 17
111 108
303 250
67 10
24 309
41 20
299 352
133 287
38 12
137 46
306 212
222 45
142 304
189 83
246 349
230 133
207 273
7 298
92 198
241 249
123 23
290 38
80 21
240 102
65 310
133 304
243 199
168 70
354 117
195 303
337 123
52 160
202 171
185 22
325 163
276 24
34 37
334 308
143 136
23 249
116 78
252 11
33 290
249 63
296 240
199 91
240 276
306 98
132 37
338 35
127 13
172 269
198 102
21 131
38 239
323 116
41 311
177 72
44 55
251 144
11 304
70 291
146 57
116 30
10 11
113 24
111 75
86 162
245 183
183 265
39 103
214 180
22 73
148 30
31 44
320 114
280 256
123 319
291 83
116 211
152 180
4 110
52 276
267 144
89 294
305 303
148 35
140 276
35 322
60 338
113 227
8 124
100 123
192 254
47 108
171 81
41 109
119 281
326 27
59 304
225 276
317 42
31 314
239 353
133 267
8 41
266 249
169 79
231 161
156 247
312 204
50 342
275 304
76 80
183 47
346 64
306 238
253 309
111 48
203 269
59 49
327 296
165 164
10 336
132 87
351 14
111 81
259 329
8 307
273 192
321 76
67 257
218 269
325 175
24 233
209 130
298 71
112 46
343 333
186 97
82 164
295 74
196 133
263 298
208 320
40 240
143 281
137 268
285 200
59 276
79 55
346 36
327 125
316 345
99 300
32 20
156 20
118 165
156 263
74 261
301 233
129 86
263 40
94 157
39 13
294 191
39 279
88 216
56 213
93 339
75 6
302 187
180 225
40 302
272 165
120 293
194 119
166 155
84 309
436 218
386 46
243 249
191 172
85 391
275 130
154 117
267 163
159 165
72 168
393 206
95 30
424 168
424 341
388 229
392 117
105 385
296 244
56 286
259 74
261 270
133 429
272 326
331 293
94 360
109 39
222 311
235 282
319 288
370 320
394 81
155 52
233 42
354 206
380 14
67 319
138 92
355 109
227 192
395 149
95 102
326 284
369 182
346 265
242 429
148 178
37 281
320 420
221 169
122 222
100 301
272 219
130 140
239 308
95 394
114 246
234 389
376 211
99 421
225 402
60 6
53 112
39 167
3 120
345 123
185 121
231 210
289 216
7 178
352 256
383 116
378 432
119 89
211 165
250 351
154 231
139 7
61 264
277 172
429 235
69 213
389 160
313 167
93 200
286 387
325 427
385 49
334 50
173 278
292 285
113 241
335 398
99 164
163 189
307 239
108 293
385 89
399 339
16 82
280 294
406 12
348 315
25 32
234 431
115 34
236 272
41 28
69 320
373 304
49 312
380 124
268 260
288 76
194 91
108 47
261 109
263 91
429 162
158 37
251 349
275 96
300 286
223 242
108 301
273 406
236 16
363 106
137 315
367 387
373 95
92 354
347 266
328 436
136 345
310 215
12 387
356 240
153 308
234 31
38 63
387 89
296 158
267 69
138 62
416 57
381 114
157 316
246 91
196 327
369 387
36 49
416 264
104 208
191 357
38 103
436 382
377 117
38 166
111 76
48 171
410 2
361 27
403 63
353 204
175 126
286 425
364 378
305 133
192 153
299 353
171 207
99 271
174 176
406 180
255 6
121 10
424 216
159 86
433 216
14 387
340 125
21 356
179 316
387 247
80 84
360 3
2 367
54 334
190 5
126 405
152 372
128 225
344 139
252 248
423 125
165 88
363 205
106 135
316 345
101 63
258 255
245 404
161 46
162 79
21 291
8 239
154 272
322 212
264 296
232 354
156 206
359 407
336 61
106 134
226 429
380 362
106 65
335 209
401 402
204 279
224 51
409 87
29 420
87 324
117 264
64 376
95 140
241 146
10 310
316 117
4 344
141 172
395 264
22 345
306 214
363 43
44 111
228 337
147 397
276 113
42 224
374 2
414 272
408 90
185 266
278 112
2 45
206 367
287 93
245 170
420 54
294 424
431 73
301 269
430 383
379 200
262 290
160 214
212 164
264 366
375 51
278 431
229 386
409 220
331 77
420 154
402 108
32 415
7 321
133 283
142 377
192 237
220 75
133 397
105 314
308 133
127 11
426 145
422 295
177 56
1 249
141 15
246 406
144 327
204 273
33 27
295 226
329 401
310 13
12 85
402 59
76 55
203 198
129 138
249 327
415 170
317 109
390 129
432 200
201 397
416 38
28 27
371 405
146 278
278 290
26 66
248 355
51 246
264 155
190 12
87 165
187 420
355 18
418 194
126 338
173 172
353 70
327 309
95 238
131 57
371 265
419 220
69 298
297 255
274 242
171 224
165 317
406 186
5 116
263 151
337 165
202 106
234 74
429 208
384 323
53 384
368 27
197 118
434 216
261 24
58 191
158 66
350 157
95 83
124 359
189 217
248 198
108 309
210 343
409 332
302 197
199 150
423 172
246 95
315 378
362 80
85 360
145 316
429 416
216 268
420 87
115 290
97 268
222 430
10 406
264 110
2 333
191 400
309 206
417 67
197 330
37 372
90 11
254 403
307 318
411 425
72 87
183 91
428 358
356 248
53 35
193 355
387 174
108 216
344 40
261 412
239 209
399 248
365 420
98 166
125 23
399 351
413 38
84 143
415 10
181 173
66 9
41 342
435 27
264 68
218 100
429 303
320 435
319 292
371 253
145 349
396 34
315 264
377 135
57 19
199 95
330 20
342 428
78 266
184 231
17 386
107 288
89 278
405 246
39 230
427 218
319 231
255 170
99 385
221 16
146 330
256 288
195 76
126 188
273 257
382 377
49 71
90 366
132 235
319 7
305 386
994 609
67 161
31 433
504 595
574 81
118 132
142 12
684 267
273 900
284 325
912 803
990 245
881 6
864 400
535 501
961 298
103 136
546 750
389 718
761 434
190 206
478 581
717 789
875 671
82 781
176 391
375 604
142 570
651 596
284 983
70 581
816 963
474 418
617 764
430 701
987 780
519 147
259 220
701 184
946 882
609 604
906 800
644 596
855 203
48 204
490 895
752 354
932 598
254 308
811 488
359 65
574 24
271 548
176 43
384 889
648 161
206 665
467 626
64 981
303 483
228 632
881 854
859 716
339 619
199 980
280 274
328 625
116 911
715 913
67 360
811 986
792 702
517 272
533 740
9 449
452 538
429 278
485 601
271 788
958 684
491 828
148 917
160 168
426 73
177 155
635 557
783 248
625 237
966 451
532 979
378 753
894 392
190 833
169 791
62 93
132 770
267 289
185 236
649 230
656 927
224 838
544 118
916 810
175 754
54 353
688 725
622 132
96 97
265 302
566 96
806 107
955 660
151 986
952 766
459 740
251 306
632 499
491 770
662 75
137 477
738 502
974 503
774 689
368 160
785 34
504 682
232 659
91 421
95 667
592 770
875 363
56 730
975 671
773 609
806 854
245 244
27 409
571 396
348 289
279 739
138 385
764 118
207 308
639 939
182 735
657 788
289 414
73 246
681 721
26 55
460 3
395 165
643 905
729 532
608 845
647 66
509 434
841 658
286 417
590 423
765 299
762 168
665 860
992 246
508 928
151 713
507 730
950 621
811 988
595 164
166 714
113 667
663 98
489 898
785 184
430 39
447 401
372 286
775 95
870 71
647 452
529 723
53 167
86 826
246 757
87 54
713 140
673 377
964 971
581 604
742 138
25 32
366 311
800 382
332 656
967 82
351 33
752 129
312 137
708 696
772 430
740 678
644 463
24 256
694 423
544 616
196 667
609 741
468 438
82 555
645 314
148 750
891 283
545 577
595 596
419 193
822 268
702 533
289 181
44 305
585 973
199 171
875 744
347 128
462 329
525 813
62 465
505 371
750 308
684 159
10 958
675 750
607 144
717 431
515 904
253 428
502 757
419 490
260 577
355 141
522 38
742 20
434 418
736 580
955 205
922 633
986 748
791 799
982 77
954 525
715 49
769 770
73 732
517 853
219 348
884 197
588 22
338 795
217 913
900 888
743 418
397 500
687 227
311 866
471 135
319 449
308 251
549 555
791 370
290 603
95 829
612 955
801 219
640 838
896 833
515 583
695 302
864 988
632 675
199 499
574 663
603 607
604 519
862 57
594 244
396 713
727 125
383 17
269 776
243 968
820 246
569 486
743 619
202 475
466 619
323 35
847 730
778 797
109 168
224 552
348 210
628 654
689 816
570 951
664 193
578 833
341 685
450 706
29 234
114 723
384 720
84 923
933 144
502 293
544 440
675 165
428 267
348 308
613 920
779 246
581 13
575 908
614 301
518 833
880 220
520 591
816 323
324 867
913 242
203 223
160 663
723 663
144 420
927 489
24 65
532 945
195 25
619 241
719 181
915 634
432 552
415 604
132 95
495 67
186 943
146 872
405 689
277 327
246 650
587 593
4 79
402 121
579 928
663 267
600 131
830 891
514 423
680 730
767 5
723 927
457 289
972 155
541 633
918 933
982 363
775 406
492 687
668 127
976 136
850 974
382 496
380 833
595 810
449 551
5 469
355 580
666 805
426 186
428 18
816 821
111 779
44 108
265 701
910 168
526 42
225 976
711 324
302 931
985 959
132 5
723 851
145 21
52 418
971 1
214 474
784 599
221 960
873 307
83 630
839 191
641 797
584 755
8 479
596 242
277 611
488 888
703 707
19 519
324 229
118 28
46 220
874 8
465 320
620 986
204 337
239 13
246 430
562 218
972 293
685 393
233 818
573 581
994 41
574 211
446 445
312 596
240 922
443 875
517 86
9 194
629 383
973 663
932 547
606 959
733 589
51 561
796 297
338 728
791 9
536 295
468 156
908 338
161 655
444 954
777 390
844 436
804 271
365 193
938 717
877 236
701 623
574 613
173 200
203 446
188 135
790 33
446 110
912 457
184 524
891 808
302 645
987 249
737 58
812 353
473 574
734 204
274 964
329 875
16 831
87 589
346 670
943 333
330 603
250 583
880 481
897 165
40 957
968 161
349 231
149 593
483 158
534 189
166 961
877 60
965 452
403 924
29 727
368 740
215 550
361 132
528 886
377 236
697 254
674 508
841 152
536 988
569 25
361 501
7 83
102 285
123 271
734 421
663 854
239 2
978 815
345 210
89 363
972 439
571 677
504 636
90 384
723 475
892 949
771 70
454 796
782 15
608 121
135 24
539 895
251 468
713 470
484 44
942 986
319 47
626 576
198 315
734 909
731 436
502 602
761 703
661 130
758 313
986 390
765 648
284 472
793 518
425 26
14 861
335 218
346 223
875 591
893 910
703 187
290 718
633 300
833 947
442 908
63 774
318 350
264 964
245 808
285 686
497 649
974 887
406 288
349 317
596 209
772 698
760 810
48 597
593 55
960 902
806 608
276 540
497 986
112 672
605 847
913 871
3 701
132 739
435 821
37 784
916 336
558 930
978 266
844 464
736 568
310 892
690 334
602 989
604 231
365 565
214 510
529 926
178 437
275 294
13 45
805 676
864 662
526 775
15 408
709 399
872 842
325 862
816 162
247 484
497 607
340 132
9 65
633 631
22 908
723 161
890 920
31 181
865 589
181 134
115 77
634 682
377 854
875 518
8 894
987 344
485 95
603 511
180 692
511 837
527 806
638 758
292 607
61 163
531 824
494 881
401 210
886 291
434 404
216 32
951 560
11 738
372 653
265 925
966 461
101 635
505 335
574 86
348 388
376 685
350 363
652 309
432 411
750 688
571 934
823 181
530 993
804 797
691 403
683 586
428 831
316 250
958 948
384 818
311 248
160 198
843 977
819 767
609 852
818 537
581 497
564 117
624 710
523 905
92 546
107 944
628 327
600 57
119 554
811 311
522 238
246 991
787 342
512 235
672 154
101 699
119 441
751 639
150 456
356 929
988 278
700 440
6 905
468 138
24 901
144 883
101 274
413 568
193 12
637 853
405 681
62 572
229 953
848 336
468 873
201 980
42 157
766 398
580 879
448 760
373 122
693 110
586 716
227 199
281 160
581 178
220 368
794 211
458 259
637 179
967 188
504 690
282 121
352 669
397 634
463 716
405 487
335 519
249 508
516 196
643 868
106 11
937 361
132 383
175 267
246 567
184 27
746 110
973 705
53 153
163 750
440 454
378 265
816 407
331 604
745 846
285 582
790 166
282 120
601 255
304 574
706 627
182 770
31 394
956 91
446 362
83 153
574 285
419 176
705 127
892 482
993 222
607 737
692 979
967 835
329 786
706 577
88 656
763 327
978 885
758 246
768 631
441 289
615 973
95 663
912 166
172 962
461 581
130 712
208 810
740 704
8 543
572 607
226 457
822 671
12 723
112 289
628 414
787 643
192 675
473 840
77 364
745 322
986 23
482 806
547 191
520 935
854 759
825 519
690 270
178 960
72 496
644 250
355 857
626 73
41 817
203 426
827 69
387 509
161 528
603 197
264 734
499 712
277 625
808 418
921 461
410 206
430 428
331 827
273 863
355 183
785 618
164 263
807 428
189 337
609 68
502 15
99 453
659 402
223 14
136 379
37 203
423 396
37 483
402 652
104 23
199 979
907 619
610 60
585 717
663 247
546 940
40 251
434 135
813 493
98 749
203 427
709 809
847 24
964 727
689 647
430 321
522 745
663 260
200 673
350 235
767 745
898 724
596 181
832 739
726 471
496 377
908 499
959 181
161 566
556 919
563 199
953 381
969 681
145 892
797 71
367 497
776 124
910 552
215 547
722 280
743 836
117 988
775 363
784 679
357 986
723 128
843 545
165 424
756 326
374 222
416 420
685 526
666 606
609 105
772 143
174 289
456 689
519 4
373 430
776 65
498 105
300 639
57 203
222 382
8 502
811 50
422 85
645 834
903 400
12 856
71 258
83 121
265 709
165 919
358 130
521 520
878 730
811 946
964 233
978 80
621 547
52 513
227 858
252 189
356 129
357 480
976 250
409 212
100 449
12 962
572 899
717 76
428 116
542 551
886 936
953 388
428 64
932 377
761 844
372 732
257 13
31 78
528 94
455 838
59 716
757 579
566 146
962 639
154 646
403 340
988 25
589 986
739 170
205 62
723 51
356 6
369 275
440 74
667 30
430 152
747 798
642 17
761 568
343 959
36 604
814 875
808 41
84 811
444 876
8 352
434 756
798 946
900 984
168 816
581 425
437 422
558 184
553 380
99 722
139 613
126 490
509 506
390 710
436 802
80 913
755 363
764 261
267 497
938 914
887 913
287 198
716 133
386 790
540 770
824 892
614 941
614 231
476 404
428 804
246 262
696 388
552 559
233 806
152 766
849 142
970 857
869 927
609 525
370 296
634 412
546 275
445 213
252 252
160 168
153 183
31 30
202 46
168 127
245 57
223 133
41 103
14 166
32 65
13 224
97 188
136 59
237 46
135 20
98 140
28 168
120 89
49 63
25 238
215 85
68 181
86 200
42 127
218 208
111 209
96 101
120 183
149 174
200 50
180 1
161 135
190 249
224 17
60 93
183 118
40 244
74 75
71 100
92 201
230 152
228 106
162 86
72 84
150 109
200 49
57 107
227 241
214 90
17 73
181 216
203 214
113 86
112 243
95 135
20 227
227 154
183 17
16 119
236 48
26 131
76 231
62 15
46 56
92 130
183 39
93 27
27 14
135 91
243 237
135 249
3 133
61 130
62 241
118 4
211 52
225 110
80 52
31 36
222 95
85 169
192 230
234 247
82 76
81 244
161 119
31 161
168 175
200 158
132 73
7 197
144 238
221 6
37 56
146 108
167 44
55 219
248 56
121 247
142 129
233 122
250 151
198 174
40 173
174 155
57 180
117 157
78 213
8 165
178 84
53 32
17 2
28 251
79 98
73 9
93 176
217 47
55 171
191 205
54 221
3 35
204 121
67 13
6 137
28 109
185 2
27 69
70 32
143 43
171 28
135 193
67 38
17 34
89 181
56 119
119 97
84 183
123 40
126 145
99 119
21 54
183 184
135 251
45 64
71 171
138 67
136 45
115 242
181 239
195 218
52 201
58 169
207 24
228 221
147 35
229 145
16 124
18 111
17 152
228 87
208 57
8 199
134 201
116 218
145 123
163 37
28 244
251 182
241 23
129 9
156 207
227 82
194 163
232 199
252 198
32 213
46 98
2 7
115 96
228 104
139 209
220 238
159 133
77 148
115 28
128 115
196 30
186 25
77 89
100 94
33 97
235 144
206 64
88 131
120 172
250 227
191 47
45 210
52 120
238 226
40 78
207 238
105 30
244 29
125 225
74 89
84 91
177 248
22 241
28 191
56 232
43 133
11 135
240 250
74 12
174 82
131 251
210 49
210 227
2 189
146 159
249 209
232 90
149 170
199 3
23 225
44 17
51 35
164 252
35 10
119 58
167 66
102 63
41 47
207 20
64 247
244 187
141 15
228 227
114 39
19 190
208 84
179 25
246 205
206 122
55 212
236 76
93 200
157 237
97 83
210 5
