168 527
73 23
44 76
105 8
163 96
76 48
64 32
149 125
117 38
168 103
5 108
52 104
39 34
59 125
68 70
89 47
96 122
32 81
53 51
133 64
50 40
137 16
137 146
151 118
74 106
111 84
97 44
33 27
137 77
139 41
35 61
138 71
87 20
57 130
69 82
62 126
98 147
88 151
44 53
17 56
124 150
44 71
166 60
18 144
159 27
40 64
149 151
101 28
1 63
93 37
64 76
111 51
136 83
130 50
41 109
47 74
79 111
96 33
120 17
150 59
22 93
52 98
9 108
87 89
112 140
2 60
64 136
81 106
93 123
146 166
58 160
35 43
49 37
23 20
96 146
46 73
38 10
150 165
168 84
91 37
41 103
20 137
125 118
50 52
116 156
80 131
23 6
134 102
94 141
135 114
45 6
145 53
121 63
155 84
104 102
154 126
37 144
19 23
94 15
65 88
34 103
72 97
83 80
157 149
91 7
167 153
135 150
86 106
165 64
105 5
55 163
123 112
40 86
2 46
157 24
165 82
93 92
107 167
75 27
34 131
58 167
128 127
20 83
123 9
12 152
28 116
61 145
5 48
77 119
99 24
106 148
98 32
82 129
9 113
139 9
100 105
36 55
50 109
7 99
96 50
158 163
119 98
100 14
123 141
48 84
160 36
51 91
139 44
164 43
4 94
134 139
12 95
107 82
128 87
163 143
112 30
148 65
95 99
140 120
22 22
28 125
18 80
11 14
31 135
22 81
146 128
166 71
58 127
30 163
23 108
1 151
155 129
69 152
157 74
115 116
55 55
49 52
136 52
105 125
65 125
118 120
76 48
145 167
60 88
53 26
3 72
38 10
11 55
141 96
5 103
155 79
114 128
105 15
70 114
145 6
9 115
15 119
92 94
48 74
77 98
82 99
140 16
84 92
26 101
37 161
97 133
13 24
126 134
95 91
42 151
28 39
25 51
155 93
160 168
44 126
134 8
7 74
84 145
149 113
156 160
77 111
138 21
104 151
134 10
22 29
118 47
122 53
105 67
123 103
146 26
36 26
99 137
54 147
123 39
6 161
86 80
139 59
132 139
42 113
152 45
160 107
166 136
97 61
80 146
140 98
156 135
115 146
160 7
134 141
70 95
118 153
10 162
162 124
102 59
106 6
52 13
65 132
70 122
8 121
167 131
65 30
124 122
77 34
49 114
53 51
73 66
42 41
87 135
165 14
131 131
4 11
152 117
145 127
79 163
128 157
126 146
33 116
6 73
137 50
145 122
30 51
118 51
22 7
79 52
128 17
45 141
153 59
93 126
50 54
141 117
41 160
89 71
150 56
85 98
98 13
136 27
74 39
112 56
104 168
44 158
28 111
139 43
44 37
49 154
53 91
44 85
115 161
133 91
54 98
109 65
48 50
13 123
43 4
17 3
73 26
83 40
131 52
58 89
112 164
65 127
112 91
130 25
118 145
104 27
53 35
14 157
20 120
84 128
72 77
27 128
24 154
117 36
5 137
4 58
135 2
126 78
99 158
157 87
93 11
31 13
125 99
81 90
166 145
50 86
125 109
108 61
3 86
151 80
83 114
27 23
50 155
88 117
36 9
19 63
43 116
9 45
93 93
92 79
44 137
47 153
131 160
30 62
111 157
155 13
11 94
70 150
141 113
78 55
11 139
20 14
136 129
57 33
121 89
145 161
110 57
2 135
134 168
6 3
74 36
157 143
62 84
12 6
85 12
3 63
75 35
58 111
134 6
89 35
76 113
12 75
37 121
7 71
20 51
125 40
53 20
90 81
163 96
146 2
87 98
150 123
104 162
98 114
103 58
56 131
10 136
130 41
163 159
83 157
62 19
90 143
63 23
168 123
56 66
168 7
154 164
103 64
102 51
2 135
76 121
155 17
107 82
93 85
30 111
57 120
106 156
107 19
156 109
88 71
94 44
126 121
97 136
100 165
87 48
49 157
44 115
144 16
93 11
145 66
72 151
142 149
107 155
47 74
5 13
26 168
54 76
7 129
12 40
148 118
102 94
153 83
2 50
21 41
129 164
139 166
118 65
97 43
45 141
67 83
67 47
22 32
34 42
40 9
87 125
63 26
133 1
19 78
9 87
61 11
134 64
142 86
109 107
93 148
115 93
160 54
152 126
110 29
1 12
135 91
55 79
24 81
160 92
117 145
137 26
168 38
96 49
39 24
124 2
158 105
117 80
136 88
165 33
140 92
127 124
165 122
145 37
137 73
159 130
29 49
46 24
34 144
12 127
10 61
160 22
165 15
140 112
141 156
93 141
66 120
23 24
82 158
90 29
75 58
118 102
22 152
28 11
67 163
88 119
136 71
54 29
44 38
165 81
92 120
5 41
140 59
138 57
79 3
84 90
73 100
