867 206
702 119
401 74
9 741
744 412
625 671
721 520
205 114
438 81
28 45
206 716
66 432
543 87
638 147
255 378
650 363
42 447
211 104
145 6
827 769
111 677
692 540
800 771
325 295
106 148
275 246
136 365
622 671
191 780
492 836
381 450
184 388
604 79
802 730
854 392
529 95
15 800
266 551
816 145
390 419
686 700
409 398
375 236
745 32
33 333
173 399
176 95
851 136
215 529
65 265
475 45
639 678
95 460
746 181
838 723
701 860
30 217
633 226
477 720
839 548
277 178
512 585
673 211
14 221
508 752
147 309
338 23
827 373
861 261
83 244
37 170
277 161
779 544
272 535
71 394
64 607
271 707
379 570
660 521
137 634
456 781
661 828
713 203
201 673
656 111
454 548
703 492
172 101
769 131
498 706
686 728
256 258
691 599
532 567
705 78
586 266
321 617
408 168
709 752
466 92
549 115
866 88
70 253
291 31
590 610
804 30
770 83
21 234
641 626
207 436
415 809
75 454
336 182
404 431
155 762
598 218
759 570
230 402
863 114
193 413
143 193
288 174
646 411
212 285
460 548
497 772
536 96
3 567
679 403
368 193
381 376
550 2
415 92
672 606
252 264
292 847
766 394
264 474
488 567
416 103
15 517
619 726
203 837
865 113
722 381
230 68
720 18
472 753
524 159
308 62
341 181
75 26
138 239
759 672
552 618
828 791
81 315
429 509
232 528
608 334
210 228
186 559
20 302
93 84
436 726
114 785
865 411
95 671
222 115
847 739
777 186
82 169
828 571
779 263
59 120
586 695
606 162
25 403
507 277
175 346
390 845
762 242
430 80
153 39
269 6
530 524
89 377
238 697
212 539
372 299
826 216
305 492
265 523
40 772
837 351
56 667
97 782
205 494
183 340
162 742
610 705
756 573
1 329
500 281
155 6
414 192
19 312
