200
2
1 104434
4
7 4
2
6 4
8
7 5
6 2
3 617960
8
5 15 895591
5 14 933238
6 7
2
5 9 539934
3 548495
3 120162
3 425012
8
6 4
5 10 177824
7 6
3 490786
8
1 344696
2
2
6 9
4
4
8
8
7 1
4
5 0 505573
6 9
1 562290
8
8
2
7 2
2
6 2
7 5
2
6 7
4
7 1
1 915318
6 4
6 2
5 11 891180
5 16 933286
1 364922
2
7 4
5 18 56532
3 131255
5 12 407889
2
1 737813
8
1 131640
8
4
5 20 950837
4
5 14 158815
7 3
3 91021
5 17 229202
6 5
2
4
4
6 4
8
7 2
6 0
2
6 2
6 7
2
2
1 931415
5 14 823613
1 428321
2
3 184135
1 23259
2
2
3 953910
8
8
8
3 448491
8
1 973050
5 12 754001
6 9
3 297090
5 6 740628
5 8 23052
8
8
5 8 491809
7 4
7 9
4
1 607753
7 1
5 17 611089
4
5 17 820529
3 504832
3 292656
7 6
1 842417
7 2
2
1 863481
7 6
2
1 324371
5 8 610337
6 1
2
6 8
5 0 682397
2
4
1 513787
3 883148
7 3
4
4
1 607421
5 16 400202
7 2
2
4
1 4616
3 825679
5 8 637315
8
2
4
7 2
7 5
6 4
4
5 6 137852
4
1 301794
5 5 419019
5 17 54740
1 995613
5 13 280388
4
4
2
6 6
3 949783
5 17 814899
7 6
8
8
3 976779
8
7 4
5 11 121768
6 10
7 1
4
4
3 321000
5 15 992760
4
1 606582
6 6
2
3 107632
7 4
3 166255
3 310115
3 241980
1 821895
7 4
4
4
3 956415
6 10
4
4
5 0 492029
7 4
2
8
